0.000000 0.002000 0.272000 0.029200 0.047200 0.045600 0.176800 0.042800 0.014400 0.108400 0.014800 0.012800 0.004800 0.019600 0.006400 0.011600 0.001600 0.096800 0.062400 0.030800
0.040400 0.000000 0.028400 0.011600 0.028000 0.040000 0.066000 0.016400 0.256400 0.044400 0.043600 0.063600 0.010800 0.014400 0.023200 0.004800 0.005600 0.141200 0.138000 0.023200
0.575600 0.000800 0.000000 0.004400 0.000800 0.001200 0.018400 0.000800 0.092000 0.122800 0.002800 0.030400 0.048000 0.014400 0.000000 0.027200 0.011200 0.002800 0.035200 0.011200
0.090800 0.005600 0.009200 0.000000 0.020800 0.000000 0.001600 0.024000 0.039600 0.124800 0.017600 0.177600 0.125200 0.004800 0.002800 0.081200 0.050800 0.171200 0.046400 0.006000
0.195600 0.001600 0.002000 0.005200 0.000000 0.003200 0.015600 0.001200 0.194000 0.194800 0.008000 0.112000 0.074400 0.000000 0.004000 0.015600 0.014000 0.019200 0.116800 0.022800
0.261600 0.008000 0.026800 0.001200 0.014800 0.000000 0.008800 0.018400 0.086800 0.062800 0.144800 0.112000 0.028000 0.028400 0.001200 0.084400 0.021200 0.054000 0.025600 0.011200
0.356000 0.030400 0.037600 0.000400 0.080800 0.001200 0.000000 0.007200 0.047600 0.040400 0.134000 0.019200 0.070400 0.008000 0.000400 0.029600 0.025200 0.102800 0.007200 0.001600
0.130000 0.018400 0.011600 0.014400 0.029600 0.014400 0.077600 0.000000 0.028400 0.372400 0.048400 0.100400 0.009200 0.000800 0.031200 0.005600 0.009600 0.044800 0.044800 0.008400
0.018400 0.170000 0.084400 0.056000 0.102400 0.061200 0.081600 0.014400 0.000000 0.111600 0.006400 0.009600 0.001600 0.023200 0.009200 0.005600 0.002800 0.057600 0.160000 0.024000
0.252000 0.009200 0.063600 0.058000 0.041600 0.001200 0.018000 0.046800 0.068800 0.000000 0.001200 0.005200 0.025600 0.195600 0.009600 0.036400 0.158400 0.004400 0.004000 0.000400
0.096000 0.022800 0.033200 0.135600 0.038800 0.004000 0.074400 0.084800 0.070000 0.001200 0.000000 0.017600 0.114000 0.006000 0.013200 0.068800 0.059600 0.003600 0.135600 0.020800
0.022000 0.097600 0.116000 0.105600 0.020800 0.086800 0.119600 0.033200 0.000800 0.088000 0.042400 0.000000 0.009600 0.030800 0.001200 0.002800 0.028400 0.151200 0.025200 0.018000
0.028800 0.010000 0.074400 0.068800 0.044000 0.037600 0.147200 0.011200 0.005200 0.174400 0.059200 0.005600 0.000000 0.004800 0.069200 0.001600 0.002400 0.129600 0.096400 0.029600
0.094800 0.015200 0.022400 0.015200 0.028000 0.018400 0.053200 0.002800 0.092800 0.425200 0.037200 0.051200 0.012400 0.000000 0.010400 0.002000 0.012000 0.040800 0.052800 0.013200
0.041600 0.000800 0.044800 0.004800 0.035600 0.000400 0.047200 0.024800 0.046400 0.225600 0.108000 0.008800 0.030800 0.020400 0.000000 0.106800 0.048400 0.110400 0.044000 0.050400
0.035200 0.001200 0.112800 0.108000 0.014800 0.090800 0.093600 0.005200 0.031600 0.223600 0.069200 0.036400 0.003600 0.000000 0.030800 0.000000 0.016800 0.070000 0.039200 0.017200
0.022400 0.002000 0.050000 0.044000 0.024000 0.034000 0.110800 0.009600 0.020800 0.233600 0.066000 0.028800 0.000000 0.006400 0.010400 0.040000 0.000000 0.083200 0.175200 0.038800
0.108400 0.019200 0.004000 0.410800 0.022000 0.013200 0.034400 0.033200 0.048800 0.003200 0.000000 0.020800 0.032800 0.047600 0.009600 0.001600 0.105600 0.000000 0.080000 0.004800
0.128000 0.024800 0.063200 0.018800 0.111600 0.004400 0.021600 0.052400 0.052000 0.121600 0.085600 0.007200 0.044400 0.031600 0.004000 0.003600 0.197200 0.028000 0.000000 0.000000
0.163600 0.022000 0.061600 0.020400 0.036800 0.022800 0.051200 0.022800 0.089200 0.050800 0.094000 0.009200 0.033600 0.009200 0.008400 0.022800 0.228800 0.019600 0.033200 0.000000
