0.000000 0.001600 0.284400 0.028800 0.051200 0.047200 0.155200 0.042800 0.013200 0.106800 0.015200 0.015200 0.005200 0.019600 0.003200 0.012400 0.001600 0.096000 0.072000 0.028400
0.044800 0.000000 0.032400 0.011200 0.033600 0.037600 0.067600 0.013600 0.241200 0.042800 0.045600 0.062000 0.010000 0.014000 0.022000 0.006400 0.004800 0.150800 0.140000 0.019600
0.570800 0.001600 0.000000 0.006000 0.000800 0.001600 0.024400 0.000400 0.092000 0.117600 0.002800 0.029600 0.052400 0.015200 0.000000 0.026400 0.011200 0.002800 0.032000 0.012400
0.074800 0.007600 0.011600 0.000000 0.025600 0.000000 0.001600 0.022000 0.038800 0.122800 0.025200 0.178000 0.128800 0.004400 0.003600 0.085200 0.050400 0.162000 0.051200 0.006400
0.206400 0.000800 0.001600 0.006800 0.000000 0.005200 0.013200 0.002400 0.195200 0.198800 0.007600 0.110000 0.061200 0.000000 0.005200 0.013200 0.020000 0.019600 0.110800 0.022000
0.252400 0.007200 0.031600 0.000800 0.016000 0.000000 0.011200 0.021200 0.090800 0.070000 0.140000 0.106400 0.028400 0.032800 0.001200 0.084400 0.022400 0.048800 0.024400 0.010000
0.362000 0.031200 0.035200 0.000000 0.080000 0.000800 0.000000 0.007200 0.048400 0.041200 0.124800 0.020000 0.071600 0.008400 0.000000 0.031200 0.026400 0.102800 0.006800 0.002000
0.125600 0.024400 0.009600 0.015200 0.027600 0.017600 0.079600 0.000000 0.026400 0.382800 0.044800 0.095200 0.006400 0.000000 0.034000 0.007200 0.012800 0.044000 0.038000 0.008800
0.018000 0.172400 0.082400 0.053600 0.100400 0.058000 0.083200 0.015200 0.000000 0.109600 0.004800 0.014800 0.001600 0.026800 0.012400 0.007600 0.003200 0.056800 0.155200 0.024000
0.247200 0.011600 0.069200 0.062000 0.042400 0.000400 0.018000 0.045600 0.056000 0.000000 0.002000 0.007200 0.032000 0.183600 0.009200 0.042400 0.162000 0.004000 0.004400 0.000800
0.101200 0.019600 0.032000 0.148400 0.047200 0.004400 0.078000 0.085200 0.064800 0.000800 0.000000 0.017200 0.107600 0.004800 0.009600 0.064000 0.056000 0.003200 0.134000 0.022000
0.023200 0.094800 0.121200 0.104400 0.022000 0.087600 0.126800 0.028800 0.002000 0.094000 0.041200 0.000000 0.005600 0.028800 0.002400 0.001600 0.030800 0.146800 0.021600 0.016400
0.031200 0.010800 0.080000 0.073600 0.033600 0.040800 0.134800 0.009200 0.002400 0.175200 0.056000 0.005200 0.000000 0.004000 0.064400 0.002000 0.002400 0.134800 0.104400 0.035200
0.097200 0.016800 0.016800 0.017200 0.027600 0.016400 0.053600 0.002400 0.090400 0.420800 0.036400 0.057200 0.009600 0.000000 0.014000 0.002000 0.012800 0.040800 0.057600 0.010400
0.039200 0.001600 0.042400 0.003200 0.034400 0.001600 0.048000 0.027600 0.046800 0.232000 0.111600 0.009600 0.030800 0.014400 0.000000 0.106800 0.051200 0.108000 0.046000 0.044800
0.043200 0.000400 0.117200 0.101600 0.013200 0.096800 0.090400 0.005200 0.033200 0.213200 0.074800 0.035600 0.004400 0.000000 0.028000 0.000000 0.018000 0.064400 0.043600 0.016800
0.020400 0.001600 0.048800 0.043200 0.025200 0.028800 0.122400 0.008000 0.018800 0.228800 0.060400 0.037600 0.000000 0.007600 0.008400 0.038400 0.000000 0.088800 0.176800 0.036000
0.107200 0.020400 0.005600 0.414800 0.024000 0.016000 0.034800 0.035200 0.052000 0.003200 0.000000 0.025200 0.032000 0.042800 0.009200 0.001600 0.103600 0.000000 0.066800 0.005600
0.125600 0.025600 0.057600 0.020400 0.111200 0.004800 0.025200 0.051200 0.054800 0.136400 0.084000 0.006800 0.035600 0.034800 0.003600 0.003600 0.188800 0.030000 0.000000 0.000000
0.164000 0.020400 0.062800 0.023600 0.034800 0.022800 0.044800 0.025200 0.097600 0.049200 0.104000 0.010400 0.031200 0.008400 0.008000 0.023200 0.218800 0.016800 0.034000 0.000000
