0.000000 0.000000 0.000000 0.000000 0.000000 0.000000 0.000000 0.931200 0.015600 0.000000 0.032400 0.020800 0.000000 0.000000 0.000000 0.000000 0.000000 0.000000 0.000000 0.000000
0.000000 0.000000 0.000000 0.000000 0.000000 0.000000 0.000000 0.000000 0.000000 0.000000 0.000000 0.000000 0.000000 0.174400 0.728400 0.000000 0.097200 0.000000 0.000000 0.000000
0.000000 0.923600 0.000000 0.000000 0.026000 0.000000 0.000000 0.000000 0.000000 0.000000 0.000000 0.000000 0.000000 0.000000 0.048000 0.000000 0.002400 0.000000 0.000000 0.000000
0.000000 0.000000 0.000000 0.000000 0.769724 0.000000 0.000000 0.000000 0.000000 0.000000 0.000000 0.000000 0.000000 0.000000 0.191029 0.000000 0.039247 0.000000 0.000000 0.000000
0.501610 0.000000 0.000000 0.402174 0.000000 0.000000 0.000000 0.000000 0.000000 0.000000 0.000000 0.005233 0.000000 0.000000 0.000000 0.000000 0.090982 0.000000 0.000000 0.000000
0.000000 0.000000 0.000000 0.000000 0.000000 0.000000 0.000000 0.000000 0.000000 0.000000 0.000000 0.000000 0.000000 0.000000 0.692997 0.000000 0.117264 0.000000 0.189739 0.000000
0.000000 0.000000 0.000000 0.770400 0.000000 0.000000 0.000000 0.000000 0.000000 0.000000 0.000000 0.000000 0.000000 0.000000 0.186800 0.000000 0.042800 0.000000 0.000000 0.000000
0.000000 0.114400 0.000000 0.000000 0.000000 0.000000 0.885600 0.000000 0.000000 0.000000 0.000000 0.000000 0.000000 0.000000 0.000000 0.000000 0.000000 0.000000 0.000000 0.000000
0.000000 0.000000 0.000000 0.000000 0.000000 0.000000 0.000000 0.552000 0.000000 0.000000 0.002000 0.010400 0.000000 0.000000 0.435600 0.000000 0.000000 0.000000 0.000000 0.000000
0.500400 0.000000 0.000000 0.000000 0.000000 0.000000 0.000000 0.000000 0.000000 0.004400 0.000000 0.232400 0.000000 0.000000 0.262800 0.000000 0.000000 0.000000 0.000000 0.000000
0.000000 0.000000 0.000000 0.000000 0.000000 0.000000 0.000000 0.000000 0.000000 0.000000 0.000000 0.000000 0.000000 0.000000 0.278522 0.000000 0.000000 0.513195 0.095412 0.112870
0.000000 0.000000 0.000000 0.000000 0.000000 0.000000 0.000000 0.671600 0.008400 0.000000 0.006400 0.000000 0.000000 0.000000 0.313600 0.000000 0.000000 0.000000 0.000000 0.000000
0.000000 0.000000 0.000000 0.000000 0.000000 0.000000 0.000000 0.000000 0.005773 0.000000 0.000000 0.016495 0.000000 0.076701 0.901031 0.000000 0.000000 0.000000 0.000000 0.000000
0.000000 0.465786 0.000000 0.000000 0.000000 0.000000 0.000000 0.000000 0.000000 0.000000 0.000000 0.011605 0.000000 0.000000 0.522609 0.000000 0.000000 0.000000 0.000000 0.000000
0.000000 0.993597 0.000000 0.000000 0.000000 0.000000 0.000000 0.000000 0.000000 0.000000 0.000000 0.000000 0.000000 0.000000 0.000000 0.000000 0.000000 0.000000 0.001200 0.005202
0.000000 0.553200 0.000000 0.000000 0.000000 0.000000 0.000000 0.186000 0.000000 0.000000 0.000000 0.000000 0.000000 0.152400 0.000000 0.108400 0.000000 0.000000 0.000000 0.000000
0.000000 0.279600 0.000000 0.000000 0.000000 0.000000 0.000000 0.000000 0.000000 0.000000 0.000000 0.006000 0.000000 0.066000 0.648400 0.000000 0.000000 0.000000 0.000000 0.000000
0.694000 0.000000 0.000000 0.000000 0.000000 0.000000 0.000000 0.000000 0.000000 0.000000 0.000000 0.082400 0.000000 0.000000 0.000000 0.000000 0.000000 0.000000 0.097600 0.126000
0.000000 0.000000 0.000000 0.000000 0.000000 0.814000 0.000000 0.000000 0.000000 0.000000 0.004400 0.000000 0.000000 0.000000 0.020800 0.000000 0.160800 0.000000 0.000000 0.000000
0.000000 0.000000 0.000000 0.000000 0.000000 0.580000 0.000000 0.000000 0.000000 0.001200 0.000000 0.042000 0.000000 0.000000 0.000000 0.000000 0.376800 0.000000 0.000000 0.000000
