0.000000 0.565008 0.000000 0.001204 0.010433 0.000000 0.000000 0.000000 0.245185 0.177769 0.000000 0.000000 0.000000 0.000000 0.000000 0.000000 0.000000 0.000000 0.000000 0.000401
0.577974 0.000000 0.000000 0.069132 0.114550 0.000000 0.000000 0.000000 0.000000 0.000000 0.000000 0.000000 0.000000 0.000000 0.110129 0.123794 0.000000 0.000000 0.004421 0.000000
0.013600 0.000000 0.000000 0.031600 0.864800 0.000000 0.000000 0.011600 0.000000 0.078400 0.000000 0.000000 0.000000 0.000000 0.000000 0.000000 0.000000 0.000000 0.000000 0.000000
0.000000 0.000000 0.000000 0.000000 0.000000 0.751904 0.000000 0.000000 0.003607 0.000000 0.221643 0.000000 0.000000 0.000000 0.012024 0.009218 0.000000 0.000000 0.001603 0.000000
0.018422 0.000000 0.787345 0.000000 0.000000 0.121346 0.022827 0.000000 0.000000 0.000000 0.000000 0.042050 0.000000 0.000000 0.008010 0.000000 0.000000 0.000000 0.000000 0.000000
0.000000 0.301736 0.316867 0.166889 0.000000 0.000000 0.000000 0.027147 0.000000 0.000000 0.000000 0.122385 0.000000 0.000000 0.000000 0.000000 0.000000 0.000000 0.000000 0.064976
0.000000 0.017220 0.000000 0.000000 0.000000 0.000000 0.000000 0.000000 0.001230 0.681427 0.000000 0.000000 0.000000 0.000000 0.000000 0.000000 0.000000 0.000000 0.245592 0.054531
0.000000 0.000000 0.438103 0.004823 0.112138 0.000000 0.000000 0.000000 0.000000 0.032958 0.000000 0.000000 0.000000 0.407556 0.000000 0.000000 0.000000 0.000000 0.004421 0.000000
0.000000 0.013819 0.023241 0.000000 0.000000 0.000000 0.013819 0.000000 0.000000 0.000000 0.000000 0.949121 0.000000 0.000000 0.000000 0.000000 0.000000 0.000000 0.000000 0.000000
0.000000 0.000000 0.007600 0.000800 0.000000 0.000000 0.039200 0.000000 0.000000 0.000000 0.952400 0.000000 0.000000 0.000000 0.000000 0.000000 0.000000 0.000000 0.000000 0.000000
0.000000 0.000000 0.000000 0.018250 0.000000 0.053920 0.000000 0.000000 0.000000 0.000000 0.000000 0.000000 0.000000 0.000000 0.000000 0.014517 0.000000 0.903774 0.009540 0.000000
0.000000 0.000000 0.045583 0.000000 0.000000 0.007664 0.000000 0.002420 0.367084 0.000000 0.000000 0.000000 0.000000 0.000000 0.000000 0.000000 0.566357 0.000000 0.010891 0.000000
0.000000 0.000000 0.000000 0.000000 0.000000 0.000000 0.000000 0.075995 0.041415 0.000000 0.682750 0.000000 0.000000 0.170487 0.026538 0.000000 0.000000 0.000000 0.000000 0.002815
0.000000 0.282784 0.000000 0.000000 0.097747 0.000000 0.045455 0.366854 0.000000 0.000000 0.206356 0.000000 0.000000 0.000000 0.000000 0.000000 0.000000 0.000000 0.000000 0.000805
0.000000 0.000000 0.156161 0.000000 0.000000 0.000000 0.431883 0.002033 0.000000 0.000000 0.352989 0.000000 0.000000 0.000000 0.000000 0.000000 0.000000 0.050427 0.006507 0.000000
0.000000 0.000000 0.277617 0.046848 0.087334 0.000000 0.000000 0.000000 0.559283 0.000000 0.000000 0.000000 0.000000 0.000000 0.028918 0.000000 0.000000 0.000000 0.000000 0.000000
0.000000 0.000000 0.000000 0.000000 0.000000 0.000000 0.000000 0.000000 0.114400 0.090000 0.000000 0.000000 0.000000 0.634800 0.070800 0.000000 0.000000 0.000000 0.087600 0.002400
0.000000 0.000000 0.000000 0.000000 0.643847 0.000000 0.000000 0.004200 0.002940 0.000000 0.000000 0.194036 0.000000 0.000000 0.000000 0.000000 0.154977 0.000000 0.000000 0.000000
0.000000 0.003942 0.015769 0.005256 0.000000 0.000000 0.000000 0.000000 0.000000 0.000000 0.616294 0.000000 0.000000 0.000000 0.000000 0.000000 0.000000 0.000000 0.000000 0.358739
0.000000 0.000000 0.006007 0.000000 0.000000 0.000000 0.000000 0.004005 0.000000 0.978374 0.000000 0.000000 0.000000 0.006007 0.000000 0.000000 0.005607 0.000000 0.000000 0.000000
