0.000000 0.000000 0.000000 0.000000 0.000000 0.000000 0.000000 0.000000 0.000000 0.000000 0.000000 0.000000 0.000000 0.090800 0.000000 0.542800 0.000000 0.000000 0.152400 0.214000
0.000000 0.000000 0.000000 0.000000 0.000000 0.000000 0.000000 0.000000 0.000000 0.000000 0.015619 0.000000 0.000000 0.000000 0.000000 0.796556 0.000000 0.000000 0.093312 0.094513
0.000000 0.000000 0.000000 0.000000 0.000000 0.000000 0.879455 0.000000 0.000000 0.000000 0.000000 0.096115 0.000000 0.000000 0.000000 0.000000 0.000000 0.000000 0.024429 0.000000
0.000000 0.646259 0.302921 0.000000 0.000000 0.000000 0.000000 0.000000 0.000000 0.000000 0.000000 0.000000 0.000000 0.000000 0.000000 0.000000 0.000000 0.000000 0.023609 0.027211
0.000000 0.556092 0.160836 0.000000 0.000000 0.283072 0.000000 0.000000 0.000000 0.000000 0.000000 0.000000 0.000000 0.000000 0.000000 0.000000 0.000000 0.000000 0.000000 0.000000
0.000000 0.628400 0.000000 0.001200 0.054800 0.000000 0.000000 0.000000 0.000000 0.000000 0.000000 0.000000 0.000000 0.315600 0.000000 0.000000 0.000000 0.000000 0.000000 0.000000
0.000000 0.000000 0.000000 0.000000 0.584293 0.000000 0.000000 0.000000 0.000000 0.000000 0.051398 0.000000 0.000000 0.260691 0.000000 0.000000 0.000000 0.000000 0.000000 0.103618
0.000000 0.000000 0.603567 0.000000 0.000000 0.000000 0.000000 0.000000 0.000000 0.000000 0.000000 0.000000 0.000000 0.000000 0.000000 0.000000 0.000000 0.000000 0.207134 0.189299
0.000000 0.000000 0.000000 0.000000 0.000000 0.000000 0.850000 0.000000 0.000000 0.000000 0.000000 0.000000 0.000000 0.095200 0.000000 0.000000 0.000000 0.000000 0.020800 0.034000
0.000000 0.000000 0.000000 0.000000 0.000000 0.819600 0.003600 0.000000 0.000000 0.000000 0.000000 0.000000 0.000000 0.000000 0.000000 0.000000 0.136800 0.040000 0.000000 0.000000
0.000000 0.000000 0.609600 0.000000 0.000000 0.000000 0.000000 0.000000 0.000000 0.142000 0.000000 0.000000 0.000000 0.193600 0.000000 0.000000 0.054800 0.000000 0.000000 0.000000
0.000000 0.554908 0.000000 0.000000 0.000000 0.000000 0.000000 0.000000 0.000000 0.160466 0.000000 0.000000 0.000000 0.229045 0.000000 0.000000 0.000000 0.000000 0.055580 0.000000
0.000000 0.000000 0.000000 0.000000 0.000000 0.000000 0.907600 0.000000 0.000000 0.000000 0.000400 0.000000 0.000000 0.000000 0.000000 0.000000 0.000000 0.000000 0.055600 0.036400
0.000000 0.000000 0.000000 0.000000 0.826645 0.000000 0.000000 0.000000 0.000000 0.000000 0.002408 0.000000 0.000000 0.000000 0.000000 0.000000 0.000000 0.000000 0.073435 0.097512
0.000000 0.000000 0.000000 0.000000 0.000000 0.884000 0.085200 0.000000 0.022000 0.000000 0.008800 0.000000 0.000000 0.000000 0.000000 0.000000 0.000000 0.000000 0.000000 0.000000
0.000000 0.000000 0.000000 0.000000 0.000000 0.000000 0.000000 0.000000 0.000000 0.000000 0.018400 0.000000 0.000000 0.000000 0.580000 0.000000 0.000000 0.000000 0.198800 0.202800
0.000000 0.000000 0.000000 0.000000 0.000000 0.000000 0.912400 0.000000 0.000000 0.000000 0.002000 0.000000 0.000000 0.000000 0.000000 0.000000 0.000000 0.000000 0.044400 0.041200
0.000000 0.666800 0.000000 0.000000 0.146800 0.000000 0.184400 0.000000 0.000000 0.002000 0.000000 0.000000 0.000000 0.000000 0.000000 0.000000 0.000000 0.000000 0.000000 0.000000
0.000000 0.000000 0.000000 0.000000 0.557423 0.000000 0.431373 0.000000 0.000000 0.000000 0.000000 0.011204 0.000000 0.000000 0.000000 0.000000 0.000000 0.000000 0.000000 0.000000
0.000000 0.000000 0.000000 0.000000 0.458400 0.000000 0.539200 0.000000 0.000000 0.000000 0.002400 0.000000 0.000000 0.000000 0.000000 0.000000 0.000000 0.000000 0.000000 0.000000
