0.000000 0.000000 0.000000 0.000000 0.000000 0.000000 0.000000 0.621200 0.004000 0.000000 0.006400 0.000000 0.000000 0.000000 0.368400 0.000000 0.000000 0.000000 0.000000 0.000000
0.000000 0.000000 0.000000 0.000000 0.000000 0.000000 0.000000 0.000000 0.036800 0.000000 0.000000 0.000000 0.000000 0.134400 0.744400 0.000000 0.084400 0.000000 0.000000 0.000000
0.000000 0.962000 0.000000 0.000000 0.036800 0.000000 0.000000 0.000000 0.000000 0.000000 0.000000 0.000000 0.000000 0.000000 0.000000 0.000000 0.001200 0.000000 0.000000 0.000000
0.000000 0.000000 0.000000 0.000000 0.000000 0.802000 0.000000 0.000000 0.000000 0.000000 0.000000 0.000000 0.000000 0.000000 0.117600 0.000000 0.080400 0.000000 0.000000 0.000000
0.431200 0.000000 0.000000 0.051600 0.000000 0.000000 0.516800 0.000000 0.000000 0.000000 0.000000 0.000400 0.000000 0.000000 0.000000 0.000000 0.000000 0.000000 0.000000 0.000000
0.000000 0.000000 0.000000 0.000000 0.000000 0.000000 0.000000 0.000000 0.000000 0.000000 0.000000 0.000000 0.000000 0.000000 0.618562 0.000000 0.000000 0.000000 0.155977 0.225462
0.000000 0.000000 0.000000 0.471566 0.000000 0.000000 0.000000 0.000000 0.000000 0.000000 0.000000 0.000000 0.000000 0.000000 0.496938 0.000000 0.000000 0.000000 0.031496 0.000000
0.000000 0.231600 0.000000 0.000000 0.000000 0.000000 0.730400 0.000000 0.000000 0.000000 0.000000 0.000000 0.000000 0.000000 0.038000 0.000000 0.000000 0.000000 0.000000 0.000000
0.000000 0.416000 0.000000 0.000000 0.000000 0.000000 0.000000 0.281200 0.000000 0.000000 0.000000 0.000000 0.000000 0.000000 0.302800 0.000000 0.000000 0.000000 0.000000 0.000000
0.000000 0.872400 0.000000 0.000000 0.000000 0.000000 0.000000 0.000000 0.000000 0.000400 0.000000 0.022000 0.000000 0.000000 0.105200 0.000000 0.000000 0.000000 0.000000 0.000000
0.000000 0.968387 0.000000 0.000000 0.000000 0.000000 0.000000 0.000000 0.000000 0.000000 0.000000 0.000000 0.000000 0.000000 0.021208 0.000000 0.000000 0.000000 0.005202 0.005202
0.000000 0.000000 0.000000 0.000000 0.000000 0.000000 0.000000 0.000000 0.231502 0.000000 0.058857 0.000000 0.000000 0.000000 0.650785 0.000000 0.000000 0.000000 0.000000 0.058857
0.000000 0.320800 0.000000 0.000000 0.000000 0.000000 0.000000 0.000000 0.000000 0.000000 0.000000 0.004000 0.000000 0.068000 0.607200 0.000000 0.000000 0.000000 0.000000 0.000000
0.000000 0.169200 0.000000 0.000000 0.000000 0.000000 0.782800 0.000000 0.000000 0.000000 0.000000 0.000400 0.000000 0.000000 0.047600 0.000000 0.000000 0.000000 0.000000 0.000000
0.000000 0.994800 0.000000 0.000000 0.000000 0.000000 0.000000 0.000000 0.000000 0.000000 0.000000 0.001600 0.000000 0.000000 0.000000 0.000000 0.000000 0.000000 0.000800 0.002800
0.000000 0.552000 0.000000 0.000000 0.000000 0.000000 0.000000 0.000000 0.068000 0.000000 0.000000 0.000000 0.000000 0.296400 0.000000 0.083600 0.000000 0.000000 0.000000 0.000000
0.000000 0.000000 0.000000 0.000000 0.000000 0.000000 0.000000 0.000000 0.014784 0.000000 0.000000 0.023409 0.000000 0.083368 0.878439 0.000000 0.000000 0.000000 0.000000 0.000000
0.694400 0.000000 0.200400 0.000000 0.000000 0.000000 0.000000 0.000000 0.000000 0.000000 0.000000 0.000000 0.000000 0.000000 0.000000 0.000000 0.000000 0.000000 0.038400 0.066800
0.000000 0.000000 0.000000 0.000000 0.000000 0.506000 0.000000 0.000000 0.000000 0.000400 0.000000 0.000000 0.000000 0.000000 0.072000 0.000000 0.421600 0.000000 0.000000 0.000000
0.000000 0.000000 0.000000 0.000000 0.000000 0.760800 0.000000 0.000000 0.000000 0.000000 0.000000 0.019200 0.000000 0.000000 0.053600 0.000000 0.166400 0.000000 0.000000 0.000000
