0.034800 0.000000 0.655600 0.180800 0.000000 0.000000 0.000000 0.115200 0.000400 0.000000 0.000000 0.000000 0.000000 0.000000 0.000000 0.000000 0.013200 0.000000 0.000000 0.000000
0.057600 0.161200 0.299200 0.106000 0.000000 0.000000 0.000000 0.000000 0.000000 0.000000 0.000000 0.000000 0.000000 0.060000 0.000000 0.000000 0.000000 0.316000 0.000000 0.000000
0.218000 0.000000 0.001200 0.000000 0.000000 0.000000 0.593600 0.097600 0.024400 0.000000 0.000000 0.000000 0.000000 0.000000 0.000000 0.000000 0.065200 0.000000 0.000000 0.000000
0.000000 0.000000 0.000000 0.000000 0.000000 0.000000 0.281137 0.158190 0.000000 0.066880 0.000000 0.000000 0.000000 0.035643 0.106528 0.000000 0.000000 0.351622 0.000000 0.000000
0.336800 0.000000 0.000000 0.000000 0.022800 0.438400 0.000000 0.000000 0.155200 0.000000 0.028800 0.000000 0.000000 0.018000 0.000000 0.000000 0.000000 0.000000 0.000000 0.000000
0.000000 0.000000 0.641930 0.000406 0.088402 0.000000 0.180454 0.000000 0.000000 0.000000 0.051906 0.000000 0.000000 0.000000 0.000000 0.000000 0.000000 0.000000 0.036902 0.000000
0.000000 0.953600 0.000000 0.000000 0.000000 0.000000 0.000000 0.000000 0.012800 0.000000 0.000000 0.016400 0.000000 0.000000 0.000000 0.000000 0.000000 0.016400 0.000800 0.000000
0.000000 0.000000 0.149278 0.176495 0.000000 0.000000 0.000000 0.000000 0.281237 0.000000 0.000000 0.000000 0.000000 0.000000 0.295258 0.000000 0.000000 0.097732 0.000000 0.000000
0.000000 0.220800 0.394000 0.000000 0.000000 0.000000 0.382400 0.000000 0.000000 0.001600 0.000000 0.001200 0.000000 0.000000 0.000000 0.000000 0.000000 0.000000 0.000000 0.000000
0.000000 0.000000 0.540032 0.038030 0.000000 0.000000 0.157726 0.263010 0.000000 0.000000 0.000000 0.000000 0.000000 0.000000 0.000000 0.000000 0.000000 0.000000 0.000000 0.001201
0.000000 0.000000 0.000000 0.000000 0.000000 0.833133 0.000000 0.000000 0.047619 0.000000 0.000000 0.048419 0.000000 0.000000 0.031613 0.000000 0.015606 0.023609 0.000000 0.000000
0.000000 0.000000 0.092400 0.000000 0.000000 0.764400 0.034000 0.073200 0.007600 0.000000 0.000000 0.000000 0.000000 0.000000 0.000000 0.000000 0.000000 0.028400 0.000000 0.000000
0.000000 0.000000 0.000000 0.000000 0.000000 0.000000 0.000000 0.296118 0.110444 0.000000 0.236495 0.000000 0.000000 0.004002 0.352941 0.000000 0.000000 0.000000 0.000000 0.000000
0.000000 0.677702 0.000000 0.000000 0.080818 0.000000 0.000000 0.070594 0.000000 0.000000 0.073515 0.000000 0.000000 0.000000 0.000000 0.000000 0.000000 0.000000 0.000000 0.097371
0.000000 0.000000 0.372743 0.000000 0.000000 0.000000 0.304815 0.000000 0.000000 0.000000 0.021066 0.000000 0.000000 0.000000 0.000000 0.248925 0.015477 0.000000 0.036973 0.000000
0.000000 0.000000 0.000000 0.000000 0.442699 0.000000 0.000000 0.152495 0.011091 0.000000 0.000000 0.009704 0.000000 0.000000 0.265712 0.000000 0.000000 0.000000 0.118299 0.000000
0.000000 0.000000 0.000000 0.000000 0.000000 0.492611 0.000000 0.000000 0.029557 0.000000 0.000000 0.000000 0.000000 0.013435 0.000000 0.000000 0.000000 0.258397 0.000000 0.206001
0.000000 0.000000 0.160590 0.000000 0.263417 0.000000 0.000000 0.237198 0.000000 0.000000 0.000000 0.000000 0.000000 0.000000 0.000000 0.258501 0.080295 0.000000 0.000000 0.000000
0.000000 0.609200 0.000000 0.000000 0.121200 0.053600 0.000000 0.000000 0.000000 0.006800 0.000000 0.000000 0.000000 0.209200 0.000000 0.000000 0.000000 0.000000 0.000000 0.000000
0.000000 0.000000 0.454138 0.000000 0.000000 0.000000 0.000000 0.000000 0.126784 0.000000 0.000000 0.000000 0.000000 0.000000 0.196902 0.216470 0.000000 0.000000 0.005707 0.000000
