0.000000 0.577997 0.035030 0.000000 0.004926 0.000000 0.000000 0.000000 0.227696 0.153804 0.000000 0.000000 0.000000 0.000000 0.000000 0.000000 0.000000 0.000000 0.000000 0.000547
0.430578 0.000000 0.063403 0.022472 0.030899 0.000000 0.000000 0.000000 0.000000 0.000000 0.000000 0.000000 0.000000 0.339888 0.094302 0.000000 0.013644 0.000000 0.004815 0.000000
0.001200 0.000000 0.000000 0.000000 0.254400 0.001200 0.000000 0.001200 0.000400 0.000000 0.526000 0.000000 0.000000 0.000000 0.000800 0.000000 0.000000 0.214800 0.000000 0.000000
0.036488 0.000000 0.352446 0.000000 0.155573 0.325180 0.111468 0.000000 0.000000 0.000000 0.000000 0.006816 0.000000 0.000000 0.011227 0.000000 0.000000 0.000000 0.000802 0.000000
0.000000 0.000000 0.339608 0.462956 0.000000 0.000000 0.012815 0.000000 0.000000 0.000000 0.152583 0.000000 0.000000 0.026031 0.005607 0.000400 0.000000 0.000000 0.000000 0.000000
0.000000 0.074030 0.000000 0.034014 0.000000 0.000000 0.000000 0.002001 0.000000 0.374150 0.000000 0.000000 0.000000 0.000000 0.000000 0.000000 0.000000 0.035214 0.366547 0.114046
0.000865 0.000000 0.064907 0.156209 0.047598 0.000000 0.000000 0.000865 0.000000 0.000000 0.390307 0.339247 0.000000 0.000000 0.000000 0.000000 0.000000 0.000000 0.000000 0.000000
0.000000 0.000000 0.462621 0.003617 0.098071 0.009646 0.000000 0.000000 0.006431 0.000000 0.000000 0.104502 0.000000 0.312701 0.000000 0.000000 0.000000 0.000000 0.002412 0.000000
0.000000 0.000000 0.000000 0.000000 0.002099 0.009797 0.007698 0.000000 0.000000 0.000000 0.000000 0.853044 0.000000 0.000000 0.000000 0.029391 0.000000 0.097971 0.000000 0.000000
0.000000 0.000000 0.072406 0.000000 0.005740 0.112141 0.022958 0.002208 0.000000 0.000000 0.000000 0.032230 0.000000 0.000000 0.000000 0.000000 0.000000 0.691832 0.060486 0.000000
0.276904 0.266425 0.000000 0.003225 0.000000 0.003628 0.000000 0.021362 0.000000 0.000000 0.000000 0.283353 0.000000 0.000000 0.139863 0.000000 0.000000 0.000000 0.005240 0.000000
0.000000 0.000000 0.016092 0.000000 0.000000 0.016092 0.028736 0.000000 0.537931 0.342529 0.000000 0.000000 0.000000 0.044828 0.000000 0.013793 0.000000 0.000000 0.000000 0.000000
0.000000 0.000000 0.057568 0.004831 0.007246 0.000000 0.037037 0.000000 0.000000 0.000000 0.000000 0.000000 0.000000 0.091787 0.000000 0.008052 0.782206 0.000000 0.011272 0.000000
0.000000 0.000000 0.000000 0.000000 0.000000 0.208800 0.038800 0.000000 0.154000 0.207200 0.000000 0.000000 0.000000 0.000000 0.014000 0.250000 0.000000 0.000000 0.108000 0.019200
0.021191 0.053837 0.000000 0.000000 0.025773 0.000000 0.000000 0.001718 0.000000 0.000000 0.000000 0.000000 0.000000 0.000000 0.000000 0.002291 0.819015 0.076174 0.000000 0.000000
0.000000 0.000000 0.088000 0.000000 0.017200 0.023600 0.011200 0.170400 0.000000 0.103600 0.000000 0.000000 0.000000 0.572800 0.013200 0.000000 0.000000 0.000000 0.000000 0.000000
0.031469 0.000000 0.000000 0.027098 0.036713 0.000000 0.000000 0.000000 0.016608 0.000000 0.828671 0.000000 0.000000 0.000000 0.000000 0.000000 0.000000 0.057692 0.001748 0.000000
0.000000 0.000000 0.048800 0.000000 0.000000 0.000000 0.000000 0.000000 0.000000 0.002000 0.949200 0.000000 0.000000 0.000000 0.000000 0.000000 0.000000 0.000000 0.000000 0.000000
0.000000 0.000000 0.000000 0.004800 0.009600 0.085200 0.000000 0.000000 0.045200 0.000000 0.816000 0.000000 0.000000 0.003600 0.030000 0.000000 0.005600 0.000000 0.000000 0.000000
0.000000 0.000000 0.113780 0.000000 0.013485 0.000000 0.255373 0.000000 0.033713 0.000000 0.000000 0.451749 0.000000 0.000000 0.068268 0.000000 0.063633 0.000000 0.000000 0.000000
