0.006000 0.027600 0.364400 0.064400 0.040800 0.032000 0.148800 0.138800 0.003200 0.008000 0.016800 0.000000 0.002800 0.003600 0.021200 0.006400 0.000800 0.096800 0.014800 0.002800
0.026400 0.016000 0.176400 0.019200 0.010000 0.073600 0.191600 0.138800 0.001200 0.005200 0.030400 0.000000 0.010800 0.035200 0.027600 0.014000 0.000400 0.132000 0.080000 0.011200
0.018800 0.026800 0.000000 0.509600 0.010000 0.011200 0.062000 0.028000 0.003200 0.004800 0.001200 0.074800 0.046800 0.005200 0.019600 0.033200 0.010000 0.130000 0.004800 0.000000
0.012800 0.384000 0.181200 0.015200 0.033600 0.046000 0.108000 0.034000 0.007600 0.001200 0.048800 0.000000 0.001200 0.002400 0.026800 0.018800 0.001600 0.075200 0.001600 0.000000
0.059600 0.071600 0.192000 0.065200 0.005200 0.164000 0.042400 0.239200 0.006400 0.000400 0.000400 0.007200 0.011200 0.011600 0.020400 0.026800 0.011200 0.048000 0.017200 0.000000
0.038000 0.112400 0.205600 0.006400 0.116000 0.010000 0.130400 0.059200 0.058000 0.000000 0.128000 0.005200 0.000800 0.018000 0.017200 0.020000 0.000000 0.072000 0.002000 0.000800
0.021200 0.020000 0.024000 0.003600 0.185600 0.006400 0.018400 0.039600 0.182400 0.000400 0.230400 0.098000 0.001200 0.010400 0.019600 0.012800 0.000400 0.119200 0.000400 0.006000
0.088400 0.076400 0.145200 0.046000 0.035200 0.265600 0.043200 0.002800 0.017200 0.016800 0.002000 0.001200 0.009600 0.006800 0.110400 0.038800 0.021200 0.056400 0.016800 0.000000
0.010400 0.237600 0.248000 0.054800 0.140000 0.012000 0.068400 0.036800 0.000000 0.001200 0.000000 0.000000 0.000400 0.000800 0.072800 0.012000 0.000000 0.073200 0.006000 0.025600
0.008000 0.016000 0.160800 0.121600 0.010400 0.208800 0.176800 0.044400 0.089200 0.000000 0.003200 0.043600 0.002400 0.009200 0.060000 0.008400 0.001600 0.035600 0.000000 0.000000
0.100000 0.010400 0.174000 0.256000 0.024800 0.012400 0.276000 0.025200 0.006000 0.000400 0.000800 0.001200 0.005200 0.004000 0.005200 0.026400 0.005600 0.036000 0.002400 0.028000
0.051200 0.058000 0.250400 0.169200 0.038000 0.010800 0.030800 0.133600 0.010400 0.004000 0.000000 0.000000 0.000000 0.002400 0.033200 0.008400 0.000400 0.191200 0.006000 0.002000
0.023600 0.178000 0.180000 0.047600 0.096800 0.020800 0.072800 0.142000 0.004800 0.003200 0.000400 0.000000 0.000000 0.002400 0.069600 0.018000 0.000000 0.066400 0.036800 0.036800
0.049220 0.074030 0.266106 0.038015 0.057623 0.108043 0.112445 0.046819 0.013205 0.021609 0.006002 0.000000 0.002001 0.005202 0.042417 0.037615 0.005602 0.048419 0.064026 0.001601
0.025600 0.037200 0.060800 0.003200 0.156000 0.010800 0.052800 0.334400 0.077200 0.000800 0.000000 0.000400 0.000400 0.019600 0.000000 0.038800 0.001600 0.148800 0.001200 0.030400
0.046000 0.036400 0.276000 0.063600 0.059200 0.151600 0.103600 0.061600 0.004400 0.013600 0.015200 0.000400 0.003200 0.008000 0.031600 0.011200 0.001600 0.054400 0.056000 0.002400
0.038800 0.187600 0.264800 0.038800 0.103600 0.031600 0.062400 0.020400 0.016000 0.013200 0.000000 0.000000 0.000000 0.002800 0.057200 0.023600 0.000800 0.096400 0.014400 0.027600
0.004800 0.190400 0.013200 0.008000 0.012000 0.002800 0.016400 0.104800 0.250800 0.000400 0.000000 0.000400 0.003200 0.134800 0.010000 0.028000 0.010800 0.002800 0.000000 0.206400
0.020000 0.007600 0.088800 0.005600 0.008400 0.140800 0.208400 0.042000 0.069600 0.012800 0.007200 0.031200 0.000000 0.012400 0.127600 0.010400 0.030000 0.176400 0.000400 0.000400
0.018000 0.034800 0.088800 0.082000 0.011200 0.100400 0.229200 0.031600 0.058400 0.002400 0.002800 0.027600 0.000400 0.007600 0.133600 0.007600 0.017600 0.140000 0.000000 0.006000
