0.000000 0.473412 0.021647 0.000471 0.001412 0.000000 0.000000 0.000000 0.110118 0.039529 0.000000 0.352471 0.000000 0.000000 0.000000 0.000000 0.000000 0.000000 0.000000 0.000941
0.455965 0.000000 0.075661 0.014812 0.032826 0.000000 0.000000 0.000000 0.000000 0.042834 0.000000 0.000000 0.000000 0.276621 0.086869 0.000000 0.008807 0.000000 0.005604 0.000000
0.000801 0.000000 0.000400 0.000000 0.339872 0.002802 0.000000 0.004804 0.000000 0.000000 0.647718 0.000000 0.000000 0.000000 0.002802 0.000000 0.000000 0.000000 0.000400 0.000400
0.000000 0.053076 0.435464 0.000000 0.120627 0.000000 0.230800 0.000000 0.000000 0.072778 0.000000 0.060314 0.000000 0.011661 0.012867 0.000000 0.000000 0.000000 0.000000 0.002413
0.005221 0.000000 0.368675 0.424096 0.000000 0.011245 0.006024 0.000000 0.000000 0.000000 0.170281 0.000000 0.000000 0.011245 0.003213 0.000000 0.000000 0.000000 0.000000 0.000000
0.000000 0.089077 0.000000 0.097541 0.010883 0.000000 0.000000 0.000000 0.000000 0.472390 0.184200 0.098751 0.000000 0.017735 0.000000 0.000000 0.000000 0.000000 0.029424 0.000000
0.000000 0.044739 0.278761 0.247788 0.113569 0.000000 0.000000 0.010324 0.000000 0.000000 0.000000 0.036873 0.000000 0.136185 0.000000 0.000000 0.131760 0.000000 0.000000 0.000000
0.000000 0.000000 0.346294 0.005265 0.000000 0.005670 0.000000 0.000000 0.038882 0.025111 0.000000 0.088295 0.000000 0.290806 0.000000 0.000000 0.000000 0.197246 0.000000 0.002430
0.000000 0.000000 0.000427 0.000000 0.000000 0.000000 0.001706 0.000000 0.000000 0.000000 0.767065 0.155717 0.000000 0.000000 0.000000 0.000000 0.068259 0.006826 0.000000 0.000000
0.000000 0.000000 0.000000 0.002804 0.000000 0.136916 0.000000 0.000000 0.017290 0.000000 0.000000 0.643458 0.000000 0.009346 0.000000 0.010280 0.044393 0.000000 0.135514 0.000000
0.000000 0.313433 0.000000 0.000000 0.159338 0.026624 0.008471 0.248891 0.000000 0.000000 0.000000 0.091166 0.000000 0.115772 0.000000 0.000000 0.024607 0.000000 0.011698 0.000000
0.000000 0.000000 0.001208 0.000000 0.001208 0.000000 0.011675 0.000403 0.000000 0.000000 0.711353 0.000000 0.000000 0.000000 0.000000 0.000000 0.235507 0.019726 0.015298 0.003623
0.000000 0.000000 0.000000 0.018808 0.053621 0.060424 0.048419 0.090436 0.463385 0.140856 0.000000 0.000000 0.000000 0.000000 0.050420 0.073629 0.000000 0.000000 0.000000 0.000000
0.090722 0.294021 0.102268 0.000000 0.055670 0.000000 0.000000 0.000000 0.000000 0.000000 0.194639 0.000000 0.000000 0.000000 0.000000 0.000000 0.172371 0.084536 0.005773 0.000000
0.000000 0.000000 0.253340 0.000000 0.022982 0.223944 0.212186 0.056120 0.010155 0.220738 0.000000 0.000000 0.000000 0.000534 0.000000 0.000000 0.000000 0.000000 0.000000 0.000000
0.224444 0.188889 0.000000 0.000889 0.012889 0.004889 0.000000 0.000000 0.029333 0.000000 0.537778 0.000000 0.000000 0.000000 0.000000 0.000000 0.000000 0.000000 0.000889 0.000000
0.075100 0.000000 0.066667 0.000000 0.032129 0.033735 0.000000 0.000000 0.011245 0.000000 0.000000 0.341365 0.000000 0.204819 0.048996 0.000000 0.000000 0.185944 0.000000 0.000000
0.000000 0.000000 0.412686 0.000000 0.000000 0.003613 0.004817 0.000000 0.002810 0.567242 0.000000 0.000000 0.000000 0.000000 0.004014 0.000000 0.004416 0.000401 0.000000 0.000000
0.006803 0.018808 0.000000 0.005202 0.004402 0.107643 0.000000 0.000000 0.000000 0.000000 0.757903 0.000000 0.000000 0.000000 0.000000 0.000000 0.025210 0.074030 0.000000 0.000000
0.000000 0.064270 0.051198 0.000000 0.000000 0.000000 0.000000 0.002179 0.006536 0.000000 0.000000 0.035948 0.000000 0.000000 0.000000 0.000000 0.004357 0.276688 0.558824 0.000000
