0.000000 0.000000 0.000000 0.000000 0.000000 0.000000 0.000000 0.000000 0.000000 0.000000 0.000000 0.000000 0.000000 0.059200 0.855600 0.000000 0.000000 0.000000 0.022000 0.063200
0.000000 0.000000 0.000000 0.000000 0.000000 0.000000 0.000000 0.000000 0.336404 0.000000 0.244293 0.000000 0.000000 0.000000 0.000000 0.000000 0.000000 0.000000 0.200641 0.218662
0.000000 0.000000 0.000000 0.000000 0.000000 0.000000 0.990789 0.000000 0.000000 0.000000 0.000000 0.009211 0.000000 0.000000 0.000000 0.000000 0.000000 0.000000 0.000000 0.000000
0.000000 0.578601 0.383951 0.000000 0.000000 0.028807 0.000000 0.000000 0.000000 0.000000 0.000000 0.000000 0.000000 0.000000 0.000000 0.000000 0.000000 0.000000 0.008642 0.000000
0.000000 0.416400 0.096400 0.000000 0.000000 0.000000 0.487200 0.000000 0.000000 0.000000 0.000000 0.000000 0.000000 0.000000 0.000000 0.000000 0.000000 0.000000 0.000000 0.000000
0.000000 0.000000 0.000000 0.000400 0.174870 0.000000 0.000000 0.000000 0.000000 0.000000 0.000000 0.000000 0.000000 0.802321 0.000000 0.000000 0.000000 0.000000 0.000000 0.022409
0.000000 0.000000 0.000000 0.000000 0.000000 0.000000 0.000000 0.000000 0.000000 0.000000 0.095200 0.000000 0.000000 0.800800 0.000000 0.000000 0.000000 0.000000 0.022400 0.081600
0.000000 0.000000 0.655889 0.000000 0.000000 0.000000 0.000000 0.000000 0.000000 0.000000 0.000000 0.000000 0.000000 0.000000 0.344111 0.000000 0.000000 0.000000 0.000000 0.000000
0.000000 0.807200 0.000000 0.000000 0.000000 0.000000 0.000000 0.000000 0.000000 0.000000 0.000000 0.000000 0.000000 0.050400 0.000000 0.000000 0.000000 0.000000 0.065200 0.077200
0.000000 0.822400 0.000000 0.000000 0.000000 0.172000 0.005600 0.000000 0.000000 0.000000 0.000000 0.000000 0.000000 0.000000 0.000000 0.000000 0.000000 0.000000 0.000000 0.000000
0.000000 0.350000 0.647200 0.000000 0.000000 0.000000 0.000000 0.000000 0.000000 0.000000 0.000000 0.000000 0.000000 0.002000 0.000000 0.000000 0.000800 0.000000 0.000000 0.000000
0.000000 0.860000 0.000000 0.000000 0.000000 0.000000 0.000000 0.000000 0.000000 0.000000 0.000000 0.000000 0.000000 0.048000 0.000000 0.000000 0.000000 0.000000 0.038400 0.053600
0.000000 0.936800 0.000000 0.000000 0.000000 0.000000 0.000000 0.000000 0.000000 0.000000 0.000000 0.000000 0.000000 0.000000 0.000000 0.000000 0.000000 0.000000 0.029200 0.034000
0.000000 0.000000 0.000000 0.000000 0.000000 0.000000 0.947200 0.000000 0.000000 0.000000 0.000000 0.000000 0.000000 0.000000 0.000000 0.000000 0.000000 0.000000 0.029600 0.023200
0.000000 0.000000 0.000000 0.000000 0.000000 0.000000 0.894800 0.000000 0.054400 0.000000 0.018400 0.032400 0.000000 0.000000 0.000000 0.000000 0.000000 0.000000 0.000000 0.000000
0.000000 0.000000 0.000000 0.000000 0.000000 0.000000 0.000000 0.000000 0.130347 0.000000 0.086563 0.000000 0.000000 0.000000 0.715148 0.000000 0.000000 0.000000 0.067942 0.000000
0.000000 0.000000 0.000000 0.000000 0.000000 0.000000 0.000000 0.000000 0.319600 0.000000 0.300000 0.000000 0.000000 0.000000 0.000000 0.000000 0.000000 0.000000 0.177200 0.203200
0.000000 0.714686 0.079632 0.000000 0.000000 0.000000 0.204482 0.000000 0.000000 0.001200 0.000000 0.000000 0.000000 0.000000 0.000000 0.000000 0.000000 0.000000 0.000000 0.000000
0.000000 0.000000 0.000000 0.000000 0.000000 0.000000 0.817240 0.000000 0.000000 0.024036 0.000000 0.158724 0.000000 0.000000 0.000000 0.000000 0.000000 0.000000 0.000000 0.000000
0.000000 0.000000 0.000000 0.000000 0.000000 0.000000 0.939430 0.000000 0.000000 0.000000 0.020858 0.000000 0.000000 0.000000 0.039711 0.000000 0.000000 0.000000 0.000000 0.000000
