0.000000 0.000000 0.000000 0.000000 0.488024 0.000000 0.477759 0.000000 0.000000 0.000000 0.000000 0.000000 0.000000 0.000000 0.000000 0.034217 0.000000 0.000000 0.000000 0.000000
0.000000 0.000000 0.000000 0.000000 0.342466 0.000000 0.566063 0.000000 0.000000 0.000000 0.000000 0.000000 0.000000 0.000000 0.000000 0.091030 0.000000 0.000000 0.000442 0.000000
0.000000 0.000000 0.000000 0.000000 0.000000 0.799600 0.000000 0.000000 0.000000 0.000000 0.000000 0.137200 0.000000 0.000000 0.000000 0.000000 0.000000 0.000000 0.032800 0.030400
0.000000 0.000000 0.000000 0.000000 0.000000 0.000000 0.000000 0.000000 0.000000 0.000000 0.000000 0.054400 0.000000 0.735200 0.000000 0.000000 0.000000 0.000000 0.099200 0.111200
0.000000 0.000000 0.000000 0.000000 0.000000 0.925469 0.000000 0.000000 0.000000 0.000000 0.074074 0.000000 0.000000 0.000000 0.000000 0.000000 0.000000 0.000000 0.000000 0.000457
0.000000 0.406400 0.560800 0.000800 0.000000 0.000000 0.000000 0.000000 0.000000 0.000000 0.000000 0.032000 0.000000 0.000000 0.000000 0.000000 0.000000 0.000000 0.000000 0.000000
0.000000 0.000000 0.000000 0.000000 0.459200 0.000000 0.000000 0.000000 0.000000 0.079200 0.006000 0.455600 0.000000 0.000000 0.000000 0.000000 0.000000 0.000000 0.000000 0.000000
0.000000 0.000000 0.000000 0.000000 0.741871 0.000000 0.000000 0.000000 0.088719 0.000000 0.000000 0.000000 0.000000 0.000000 0.000000 0.000000 0.000000 0.000000 0.081493 0.087916
0.000000 0.000000 0.074400 0.000000 0.000000 0.000000 0.894800 0.000000 0.000000 0.000000 0.000000 0.000000 0.000000 0.000000 0.000000 0.000000 0.000000 0.030800 0.000000 0.000000
0.000000 0.000000 0.429600 0.000000 0.000000 0.550800 0.000000 0.000000 0.000000 0.000000 0.000000 0.000000 0.000000 0.015600 0.000000 0.000000 0.004000 0.000000 0.000000 0.000000
0.000000 0.000000 0.560800 0.000000 0.000000 0.000000 0.000000 0.000000 0.122400 0.316800 0.000000 0.000000 0.000000 0.000000 0.000000 0.000000 0.000000 0.000000 0.000000 0.000000
0.000000 0.490800 0.000000 0.000000 0.000000 0.000000 0.412400 0.000000 0.000000 0.011600 0.000000 0.000000 0.000000 0.000000 0.000000 0.085200 0.000000 0.000000 0.000000 0.000000
0.000000 0.000000 0.000000 0.000000 0.434393 0.000000 0.481863 0.000000 0.000000 0.000000 0.000000 0.000000 0.000000 0.000000 0.000000 0.083296 0.000000 0.000000 0.000448 0.000000
0.000000 0.000000 0.000000 0.000000 0.663200 0.000000 0.000000 0.000000 0.125200 0.000000 0.146000 0.000000 0.000000 0.000000 0.000000 0.065600 0.000000 0.000000 0.000000 0.000000
0.000000 0.000000 0.000000 0.000000 0.630000 0.275200 0.000000 0.000000 0.000000 0.000000 0.007200 0.000000 0.000000 0.087600 0.000000 0.000000 0.000000 0.000000 0.000000 0.000000
0.000000 0.000000 0.000000 0.000000 0.917600 0.000000 0.072800 0.000000 0.000000 0.000000 0.000000 0.000000 0.000000 0.000000 0.000000 0.000000 0.000000 0.000000 0.004400 0.005200
0.000000 0.000000 0.000000 0.000000 0.392399 0.000000 0.498168 0.000000 0.000000 0.000000 0.000000 0.000000 0.000000 0.000000 0.000000 0.108974 0.000000 0.000000 0.000458 0.000000
0.000000 0.000000 0.000000 0.000000 0.586000 0.000000 0.000000 0.000000 0.000000 0.048400 0.000000 0.000000 0.000000 0.250800 0.000000 0.000000 0.114800 0.000000 0.000000 0.000000
0.000000 0.876800 0.000000 0.000000 0.093200 0.000000 0.000000 0.000000 0.030000 0.000000 0.000000 0.000000 0.000000 0.000000 0.000000 0.000000 0.000000 0.000000 0.000000 0.000000
0.000000 0.877600 0.000000 0.000000 0.101600 0.000000 0.000000 0.000000 0.020800 0.000000 0.000000 0.000000 0.000000 0.000000 0.000000 0.000000 0.000000 0.000000 0.000000 0.000000
