0.000000 0.811200 0.000000 0.000000 0.026800 0.000000 0.000000 0.000000 0.000000 0.162000 0.000000 0.000000 0.000000 0.000000 0.000000 0.000000 0.000000 0.000000 0.000000 0.000000
0.000000 0.000000 0.000000 0.000000 0.000000 0.290244 0.000000 0.000000 0.702439 0.000000 0.000000 0.000000 0.000000 0.000000 0.000000 0.000000 0.000000 0.000000 0.000000 0.007317
0.000000 0.000000 0.000000 0.006800 0.993200 0.000000 0.000000 0.000000 0.000000 0.000000 0.000000 0.000000 0.000000 0.000000 0.000000 0.000000 0.000000 0.000000 0.000000 0.000000
0.000000 0.644584 0.000000 0.000000 0.000000 0.000000 0.000000 0.000000 0.000000 0.000000 0.000000 0.000000 0.000000 0.000000 0.210385 0.000000 0.000000 0.000000 0.000000 0.145031
0.039600 0.000000 0.951200 0.000000 0.000000 0.000000 0.000000 0.009200 0.000000 0.000000 0.000000 0.000000 0.000000 0.000000 0.000000 0.000000 0.000000 0.000000 0.000000 0.000000
0.558000 0.000000 0.000000 0.000000 0.000000 0.000000 0.000000 0.000000 0.012000 0.000000 0.000000 0.000000 0.000000 0.000000 0.000000 0.000000 0.000000 0.430000 0.000000 0.000000
0.000000 0.000000 0.000000 0.000000 0.000000 0.000000 0.000000 0.188749 0.000000 0.000000 0.000000 0.000000 0.000000 0.000000 0.694096 0.000000 0.000000 0.000000 0.117155 0.000000
0.000000 0.000000 0.000000 0.000000 0.000000 0.000000 0.000000 0.000000 0.076000 0.223600 0.000000 0.000000 0.000000 0.000000 0.000000 0.700400 0.000000 0.000000 0.000000 0.000000
0.906800 0.000000 0.000000 0.000000 0.000000 0.037600 0.000000 0.000000 0.000000 0.000000 0.000000 0.000000 0.000000 0.000000 0.055600 0.000000 0.000000 0.000000 0.000000 0.000000
0.000000 0.000000 0.000000 0.000000 0.046437 0.000000 0.000000 0.000000 0.006437 0.000000 0.000000 0.947126 0.000000 0.000000 0.000000 0.000000 0.000000 0.000000 0.000000 0.000000
0.000000 0.000000 0.000000 0.035614 0.000000 0.000000 0.095638 0.000000 0.000000 0.000000 0.000000 0.868747 0.000000 0.000000 0.000000 0.000000 0.000000 0.000000 0.000000 0.000000
0.000000 0.000000 0.040800 0.032000 0.000000 0.000000 0.000000 0.000000 0.000000 0.000000 0.000000 0.000000 0.000000 0.927200 0.000000 0.000000 0.000000 0.000000 0.000000 0.000000
0.000000 0.000000 0.000000 0.000000 0.000000 0.000000 0.000000 0.000000 0.275683 0.000000 0.000000 0.718682 0.000000 0.000000 0.000000 0.000000 0.000000 0.000000 0.000000 0.005635
0.000000 0.687600 0.000000 0.126400 0.000000 0.000000 0.000000 0.000000 0.000000 0.000000 0.000000 0.000000 0.000000 0.000000 0.000000 0.186000 0.000000 0.000000 0.000000 0.000000
0.000000 0.000000 0.537394 0.000000 0.000000 0.000000 0.000000 0.000000 0.000000 0.462606 0.000000 0.000000 0.000000 0.000000 0.000000 0.000000 0.000000 0.000000 0.000000 0.000000
0.000000 0.000000 0.186000 0.000000 0.000000 0.000000 0.088400 0.000000 0.000000 0.000000 0.000000 0.725600 0.000000 0.000000 0.000000 0.000000 0.000000 0.000000 0.000000 0.000000
0.000000 0.296800 0.000000 0.000000 0.000000 0.000000 0.000000 0.463200 0.000000 0.240000 0.000000 0.000000 0.000000 0.000000 0.000000 0.000000 0.000000 0.000000 0.000000 0.000000
0.000000 0.000000 0.978800 0.020400 0.000000 0.000000 0.000000 0.000800 0.000000 0.000000 0.000000 0.000000 0.000000 0.000000 0.000000 0.000000 0.000000 0.000000 0.000000 0.000000
0.000000 0.000000 0.000000 0.000000 0.000000 0.000000 0.000000 0.000000 0.326227 0.000000 0.000000 0.000000 0.000000 0.000000 0.673773 0.000000 0.000000 0.000000 0.000000 0.000000
0.000000 0.000000 0.000000 0.000000 0.000000 0.311020 0.000000 0.000000 0.000000 0.000000 0.000000 0.092173 0.000000 0.000000 0.000000 0.000000 0.000000 0.000000 0.596807 0.000000
