0.000000 0.475000 0.008019 0.000000 0.002830 0.000000 0.000000 0.000000 0.111792 0.039623 0.000000 0.320283 0.000000 0.000000 0.000000 0.000000 0.000000 0.041509 0.000000 0.000943
0.492184 0.000000 0.026854 0.014429 0.039679 0.000000 0.000000 0.000000 0.000000 0.022846 0.311022 0.000000 0.000000 0.000000 0.057715 0.000000 0.011623 0.022044 0.001603 0.000000
0.002803 0.000000 0.003204 0.008410 0.000000 0.005206 0.000000 0.015619 0.000000 0.000000 0.955146 0.000000 0.000000 0.000000 0.004005 0.000000 0.002403 0.000000 0.002803 0.000400
0.000000 0.087776 0.000000 0.000000 0.000000 0.454108 0.182365 0.037675 0.000000 0.074549 0.000000 0.134669 0.000000 0.010822 0.000000 0.000000 0.018036 0.000000 0.000000 0.000000
0.000000 0.087474 0.000000 0.000000 0.000000 0.000000 0.000000 0.049281 0.002875 0.068172 0.000000 0.000000 0.000000 0.000000 0.000000 0.001232 0.030390 0.713347 0.039836 0.007392
0.011012 0.321898 0.000000 0.135112 0.020754 0.000000 0.000000 0.003812 0.000000 0.000000 0.201186 0.146125 0.000000 0.000000 0.000000 0.000000 0.000000 0.087675 0.072427 0.000000
0.000000 0.000000 0.100441 0.046696 0.039207 0.479736 0.000000 0.000000 0.000000 0.000000 0.000000 0.048899 0.000000 0.001322 0.000000 0.000000 0.000000 0.000000 0.274449 0.009251
0.000000 0.000000 0.178138 0.004858 0.000000 0.000000 0.007287 0.000000 0.000000 0.006073 0.372470 0.049798 0.000000 0.245749 0.000000 0.000000 0.073684 0.061943 0.000000 0.000000
0.087753 0.000000 0.000000 0.000000 0.000000 0.000000 0.000000 0.005051 0.000000 0.008838 0.000000 0.828283 0.000000 0.022096 0.000000 0.047980 0.000000 0.000000 0.000000 0.000000
0.000000 0.000000 0.001200 0.000000 0.000000 0.003201 0.000000 0.000000 0.001601 0.000000 0.978391 0.015606 0.000000 0.000000 0.000000 0.000000 0.000000 0.000000 0.000000 0.000000
0.000000 0.000000 0.125455 0.004047 0.021044 0.000000 0.000000 0.000000 0.003238 0.000000 0.000000 0.000000 0.000000 0.027924 0.000000 0.002833 0.019021 0.795225 0.000000 0.001214
0.370518 0.008964 0.009960 0.002988 0.000000 0.000000 0.000000 0.005976 0.342629 0.000000 0.000000 0.000000 0.000000 0.019920 0.236056 0.000000 0.000000 0.000000 0.000000 0.002988
0.000000 0.070400 0.000000 0.012000 0.017200 0.032400 0.038000 0.218000 0.000000 0.101600 0.000000 0.000000 0.000000 0.300000 0.084000 0.126400 0.000000 0.000000 0.000000 0.000000
0.128085 0.000000 0.000000 0.029362 0.138723 0.026383 0.000000 0.000000 0.030638 0.000000 0.449787 0.000000 0.000000 0.000000 0.000000 0.115319 0.000000 0.080851 0.000851 0.000000
0.081552 0.000000 0.000000 0.027712 0.099762 0.041172 0.000000 0.033254 0.026128 0.204276 0.000000 0.484561 0.000000 0.001584 0.000000 0.000000 0.000000 0.000000 0.000000 0.000000
0.000000 0.000000 0.019215 0.002802 0.000000 0.004003 0.000000 0.000000 0.030424 0.021217 0.610088 0.000000 0.000000 0.219376 0.000000 0.000000 0.076861 0.016013 0.000000 0.000000
0.067790 0.060570 0.000000 0.000000 0.000000 0.013237 0.000000 0.122343 0.000000 0.010028 0.000000 0.397914 0.000000 0.153229 0.000000 0.027276 0.000000 0.147613 0.000000 0.000000
0.000000 0.009677 0.000000 0.000000 0.000000 0.000000 0.000000 0.010484 0.000000 0.182258 0.000000 0.752823 0.000000 0.000000 0.010484 0.000806 0.007661 0.000403 0.021774 0.003629
0.000000 0.000000 0.005435 0.000000 0.001359 0.000000 0.019022 0.000000 0.009511 0.688859 0.000000 0.000000 0.000000 0.000000 0.110054 0.000000 0.000000 0.059783 0.000000 0.105978
0.000000 0.000000 0.000000 0.000000 0.000000 0.069192 0.012121 0.000505 0.001010 0.491414 0.348485 0.000000 0.000000 0.000000 0.000000 0.000000 0.000000 0.000505 0.076768 0.000000
