0.000000 0.000000 0.041200 0.000000 0.149200 0.000000 0.785600 0.000000 0.000000 0.000000 0.000000 0.000000 0.000000 0.000000 0.000000 0.024000 0.000000 0.000000 0.000000 0.000000
0.000000 0.000000 0.055200 0.000000 0.101600 0.000000 0.808400 0.000000 0.000000 0.000000 0.000000 0.000000 0.000000 0.000000 0.000000 0.034800 0.000000 0.000000 0.000000 0.000000
0.000000 0.000000 0.000000 0.000000 0.000000 0.659064 0.000000 0.000000 0.000000 0.000000 0.000000 0.000000 0.000000 0.000000 0.000000 0.000000 0.000000 0.215286 0.070828 0.054822
0.000000 0.000000 0.000000 0.000000 0.000000 0.000000 0.000000 0.000000 0.063981 0.000000 0.000000 0.121445 0.000000 0.371445 0.000000 0.000000 0.000000 0.000000 0.000000 0.443128
0.000000 0.000000 0.000000 0.000000 0.000000 0.972000 0.000000 0.000000 0.000000 0.000000 0.002000 0.000000 0.000000 0.000000 0.000000 0.000000 0.000000 0.000000 0.012400 0.013600
0.000000 0.204000 0.781200 0.000000 0.000000 0.000000 0.000000 0.000000 0.000000 0.002800 0.000000 0.012000 0.000000 0.000000 0.000000 0.000000 0.000000 0.000000 0.000000 0.000000
0.000000 0.000000 0.579200 0.000000 0.062400 0.000000 0.000000 0.000000 0.000000 0.077200 0.000000 0.281200 0.000000 0.000000 0.000000 0.000000 0.000000 0.000000 0.000000 0.000000
0.000000 0.000000 0.000000 0.000000 0.394615 0.484224 0.000000 0.000000 0.077829 0.000000 0.000000 0.000000 0.000000 0.000000 0.000000 0.000000 0.000000 0.000000 0.043332 0.000000
0.000000 0.000000 0.073600 0.000000 0.000000 0.000000 0.818800 0.000000 0.000000 0.000000 0.000000 0.000000 0.000000 0.000000 0.000000 0.064800 0.000000 0.042800 0.000000 0.000000
0.000000 0.000000 0.836800 0.000000 0.000000 0.000000 0.000000 0.000000 0.084000 0.000000 0.000000 0.000000 0.000000 0.035600 0.000000 0.000000 0.043600 0.000000 0.000000 0.000000
0.000000 0.000000 0.000000 0.000000 0.000000 0.000000 0.857543 0.000000 0.013605 0.128852 0.000000 0.000000 0.000000 0.000000 0.000000 0.000000 0.000000 0.000000 0.000000 0.000000
0.000000 0.000000 0.000000 0.000000 0.704000 0.000000 0.216000 0.000000 0.000000 0.049600 0.000000 0.000000 0.000000 0.000000 0.000000 0.030400 0.000000 0.000000 0.000000 0.000000
0.000000 0.000000 0.000000 0.000000 0.596400 0.000000 0.358400 0.000000 0.000000 0.000000 0.000000 0.000000 0.000000 0.000000 0.000000 0.038400 0.000000 0.006800 0.000000 0.000000
0.000000 0.000000 0.330000 0.000000 0.338400 0.000000 0.000000 0.000000 0.161200 0.000000 0.000000 0.000000 0.000000 0.000000 0.000000 0.170400 0.000000 0.000000 0.000000 0.000000
0.000000 0.000000 0.471200 0.000000 0.083200 0.351600 0.000000 0.000000 0.000000 0.000000 0.000000 0.000000 0.000000 0.094000 0.000000 0.000000 0.000000 0.000000 0.000000 0.000000
0.000000 0.000000 0.000000 0.000000 0.652419 0.333065 0.000403 0.000000 0.000000 0.000000 0.000000 0.000000 0.000000 0.000000 0.000000 0.000000 0.000000 0.000000 0.000000 0.014113
0.000000 0.000000 0.000000 0.000000 0.531600 0.435600 0.013200 0.000000 0.000000 0.000000 0.000000 0.000000 0.000000 0.000000 0.000000 0.019600 0.000000 0.000000 0.000000 0.000000
0.000000 0.000000 0.000000 0.000000 0.899119 0.000000 0.000000 0.000000 0.000000 0.000000 0.000000 0.000000 0.000000 0.081265 0.000000 0.000000 0.019616 0.000000 0.000000 0.000000
0.000000 0.788000 0.196000 0.000000 0.000800 0.000000 0.000000 0.000000 0.015200 0.000000 0.000000 0.000000 0.000000 0.000000 0.000000 0.000000 0.000000 0.000000 0.000000 0.000000
0.000000 0.568000 0.000000 0.000000 0.326800 0.000000 0.000000 0.000000 0.008400 0.000000 0.000000 0.000000 0.000000 0.096800 0.000000 0.000000 0.000000 0.000000 0.000000 0.000000
