0.005600 0.009600 0.194800 0.062000 0.211600 0.082800 0.110400 0.080800 0.009600 0.000800 0.032400 0.002000 0.000000 0.019600 0.020400 0.011200 0.000000 0.086400 0.042800 0.017200
0.029600 0.048800 0.187200 0.036800 0.036000 0.054400 0.174800 0.069600 0.005200 0.017600 0.004400 0.002000 0.003600 0.035200 0.030000 0.003600 0.000800 0.191200 0.053600 0.015600
0.018800 0.298800 0.000800 0.019200 0.012800 0.015600 0.192800 0.050000 0.076800 0.001200 0.040000 0.006800 0.020000 0.028800 0.003200 0.034400 0.001200 0.073600 0.013200 0.092000
0.159200 0.029200 0.098400 0.061600 0.016000 0.038000 0.099200 0.176400 0.032400 0.002000 0.001200 0.002800 0.003600 0.024800 0.002800 0.052000 0.000400 0.157200 0.032400 0.010400
0.033200 0.040400 0.132000 0.079200 0.005200 0.020400 0.092400 0.258400 0.017200 0.000400 0.009200 0.026800 0.027200 0.017600 0.072800 0.003200 0.003200 0.100000 0.054400 0.006800
0.097600 0.084400 0.219200 0.042800 0.072800 0.023200 0.025200 0.106000 0.019200 0.001200 0.001600 0.010800 0.000400 0.018800 0.004000 0.058800 0.018800 0.178000 0.014800 0.002400
0.038400 0.334400 0.182400 0.002000 0.028400 0.008400 0.002800 0.165200 0.036000 0.001600 0.000800 0.003600 0.001600 0.036400 0.045200 0.004400 0.002800 0.027600 0.006800 0.071200
0.069200 0.023200 0.055200 0.136800 0.011600 0.142400 0.105200 0.018800 0.009600 0.091600 0.003200 0.080400 0.017600 0.052800 0.021200 0.021200 0.000000 0.031200 0.079600 0.029200
0.079200 0.008000 0.146000 0.146800 0.025600 0.076800 0.084000 0.222000 0.001600 0.000000 0.000800 0.000400 0.000400 0.031200 0.017200 0.005600 0.000000 0.105200 0.031200 0.018000
0.053600 0.139200 0.103200 0.009200 0.158800 0.037600 0.108400 0.093200 0.020400 0.000000 0.001200 0.001600 0.000800 0.022400 0.058400 0.078000 0.001600 0.066000 0.002000 0.044400
0.010000 0.101200 0.028000 0.014000 0.017200 0.361200 0.105200 0.087600 0.068400 0.000000 0.000000 0.003600 0.004000 0.012000 0.052400 0.004800 0.012800 0.008000 0.006800 0.102800
0.017200 0.019600 0.232800 0.089600 0.028000 0.092000 0.293200 0.085600 0.008800 0.000000 0.004400 0.004000 0.000000 0.013600 0.014800 0.012000 0.000800 0.030400 0.021200 0.032000
0.075200 0.011200 0.182400 0.112800 0.091200 0.119200 0.100400 0.108000 0.002000 0.000000 0.000800 0.001600 0.000400 0.018400 0.008400 0.023200 0.000000 0.083600 0.043200 0.018000
0.038000 0.012000 0.134000 0.095200 0.063200 0.076800 0.178400 0.050800 0.012000 0.019600 0.008400 0.021200 0.004800 0.034000 0.012800 0.028400 0.000000 0.087600 0.081600 0.041200
0.052000 0.082000 0.293200 0.014800 0.099200 0.010800 0.022400 0.122000 0.014800 0.000000 0.002800 0.011200 0.001600 0.095200 0.000000 0.097600 0.019600 0.028800 0.027600 0.004400
0.044800 0.006000 0.194000 0.098800 0.046000 0.104800 0.168000 0.059600 0.007200 0.004800 0.004400 0.009600 0.000800 0.030000 0.019600 0.006000 0.000400 0.080800 0.081600 0.032800
0.081200 0.025600 0.219600 0.106800 0.015600 0.120000 0.090800 0.108400 0.010800 0.000800 0.001600 0.006000 0.000800 0.028400 0.018800 0.010000 0.000000 0.062000 0.068400 0.024400
0.006400 0.364000 0.013600 0.018000 0.098000 0.014000 0.163200 0.218400 0.012800 0.000000 0.001600 0.004000 0.018400 0.016000 0.001600 0.036400 0.000800 0.000800 0.008800 0.003200
0.244000 0.098800 0.038800 0.053200 0.072000 0.172800 0.030000 0.016000 0.046800 0.000000 0.001600 0.004400 0.000000 0.021200 0.009200 0.129200 0.046400 0.015200 0.000000 0.000400
0.106800 0.120400 0.106400 0.059200 0.128400 0.077200 0.055200 0.066800 0.027600 0.003600 0.007600 0.004400 0.000400 0.109200 0.002400 0.102400 0.003200 0.014800 0.002000 0.002000
