0.008000 0.264800 0.501600 0.050000 0.000000 0.000000 0.000000 0.093600 0.018000 0.000000 0.024800 0.028800 0.000000 0.000000 0.000000 0.000000 0.010400 0.000000 0.000000 0.000000
0.040000 0.216000 0.128000 0.025000 0.000000 0.000000 0.000000 0.000000 0.001500 0.000000 0.000000 0.000000 0.000000 0.029000 0.000000 0.000000 0.015000 0.360500 0.000000 0.185000
0.441141 0.000000 0.000000 0.003259 0.145825 0.000000 0.243585 0.081874 0.000000 0.016293 0.000000 0.000000 0.000000 0.012627 0.000000 0.000000 0.000000 0.023218 0.000000 0.032179
0.335630 0.000000 0.106202 0.012971 0.000000 0.145521 0.000000 0.000000 0.141062 0.000000 0.189704 0.000000 0.000000 0.001216 0.000000 0.000000 0.000000 0.000000 0.067694 0.000000
0.000000 0.000000 0.100368 0.006446 0.006446 0.230203 0.000000 0.000000 0.000000 0.124309 0.000000 0.266114 0.000000 0.110958 0.000000 0.000000 0.000000 0.000000 0.000000 0.155157
0.000000 0.728875 0.000000 0.000000 0.016420 0.000000 0.000000 0.000000 0.050461 0.000000 0.123748 0.000000 0.000000 0.000000 0.020024 0.000000 0.000000 0.056067 0.000000 0.004405
0.000000 0.729751 0.084603 0.000000 0.008420 0.000000 0.022855 0.000000 0.000000 0.000000 0.003208 0.146351 0.000000 0.000000 0.000000 0.000000 0.000000 0.000000 0.000000 0.004812
0.000000 0.000000 0.156607 0.023654 0.000000 0.272431 0.000000 0.030587 0.150082 0.000000 0.065253 0.000000 0.000000 0.000000 0.000000 0.000000 0.000000 0.000000 0.160277 0.141109
0.000000 0.000000 0.143501 0.000000 0.000000 0.000000 0.722837 0.000000 0.008200 0.032390 0.000000 0.004510 0.000000 0.000000 0.000000 0.017220 0.000000 0.000000 0.000000 0.071341
0.000000 0.000000 0.000000 0.000000 0.000000 0.658862 0.000000 0.089221 0.084780 0.000000 0.007267 0.073072 0.000000 0.000000 0.019782 0.064191 0.000000 0.002826 0.000000 0.000000
0.000000 0.312983 0.000000 0.000000 0.076109 0.430606 0.024827 0.148962 0.000000 0.000000 0.000000 0.000000 0.000000 0.000000 0.000000 0.000000 0.000000 0.002035 0.000000 0.004477
0.000000 0.000000 0.076423 0.000000 0.000000 0.000000 0.540244 0.099187 0.000000 0.000000 0.000407 0.000000 0.000000 0.000000 0.000000 0.041870 0.000813 0.060569 0.095528 0.084959
0.000000 0.000000 0.000000 0.000000 0.337920 0.422501 0.030352 0.065965 0.031971 0.064346 0.000000 0.000000 0.000000 0.000000 0.018616 0.000000 0.000000 0.000000 0.000000 0.028329
0.030800 0.628000 0.064400 0.000000 0.127200 0.000000 0.000000 0.010800 0.000000 0.000000 0.000000 0.000000 0.000000 0.000000 0.000000 0.008000 0.003200 0.127600 0.000000 0.000000
0.000000 0.000000 0.076428 0.000000 0.032582 0.274336 0.000000 0.116251 0.234513 0.248994 0.000000 0.000000 0.000000 0.009252 0.000000 0.000000 0.007643 0.000000 0.000000 0.000000
0.052821 0.188475 0.052421 0.000000 0.099640 0.000000 0.551421 0.000000 0.014006 0.000000 0.002801 0.000000 0.000000 0.000000 0.000000 0.000000 0.000000 0.038415 0.000000 0.000000
0.052800 0.388400 0.000000 0.000000 0.056400 0.381200 0.000000 0.000000 0.034800 0.000000 0.022800 0.000000 0.000000 0.000000 0.016000 0.000000 0.000000 0.047600 0.000000 0.000000
0.088400 0.000000 0.000000 0.000000 0.051600 0.821600 0.013200 0.000000 0.014000 0.000000 0.000000 0.007600 0.000000 0.000000 0.003200 0.000000 0.000400 0.000000 0.000000 0.000000
0.148028 0.000000 0.000000 0.006913 0.459130 0.120374 0.000000 0.000000 0.000000 0.000000 0.050427 0.000000 0.000000 0.000000 0.042700 0.172021 0.000000 0.000000 0.000000 0.000407
0.000000 0.612000 0.100800 0.000000 0.000000 0.000000 0.000000 0.126800 0.017200 0.000000 0.000000 0.042400 0.000000 0.000000 0.000000 0.000000 0.021200 0.050000 0.012400 0.017200
