0.010813 0.175410 0.662395 0.048859 0.000000 0.000000 0.000000 0.085703 0.001201 0.000000 0.000000 0.004005 0.000000 0.000000 0.000000 0.000000 0.011614 0.000000 0.000000 0.000000
0.049765 0.262911 0.166197 0.023944 0.000000 0.000000 0.000000 0.000000 0.000000 0.000000 0.000000 0.000000 0.000000 0.024413 0.000000 0.000000 0.015023 0.330516 0.000000 0.127230
0.289200 0.000000 0.000000 0.150400 0.000000 0.000000 0.394400 0.023600 0.000000 0.019200 0.000000 0.000000 0.000000 0.040800 0.000000 0.000000 0.042800 0.039600 0.000000 0.000000
0.573600 0.000000 0.029200 0.003200 0.006400 0.245200 0.000000 0.000000 0.083200 0.000000 0.055600 0.000000 0.000000 0.003600 0.000000 0.000000 0.000000 0.000000 0.000000 0.000000
0.000000 0.000000 0.170332 0.014834 0.000000 0.379028 0.000000 0.000000 0.000000 0.000000 0.076726 0.000000 0.000000 0.054220 0.176982 0.000000 0.000000 0.000000 0.127877 0.000000
0.000000 0.919200 0.000000 0.000000 0.000000 0.000000 0.034000 0.000000 0.012400 0.000000 0.000000 0.000000 0.000000 0.000000 0.013200 0.000000 0.002400 0.018000 0.000000 0.000800
0.575600 0.000000 0.182000 0.023200 0.000000 0.000000 0.020000 0.000000 0.000000 0.014400 0.002000 0.135600 0.000000 0.000000 0.000000 0.000000 0.000000 0.047200 0.000000 0.000000
0.000000 0.000000 0.055187 0.161826 0.284647 0.000000 0.000000 0.043154 0.000000 0.317427 0.017012 0.000000 0.000000 0.000000 0.000000 0.000000 0.000000 0.120747 0.000000 0.000000
0.000000 0.000000 0.000000 0.000000 0.258395 0.620393 0.039722 0.000000 0.000000 0.000000 0.000000 0.003276 0.000000 0.000000 0.000000 0.000000 0.001229 0.018018 0.000000 0.058968
0.000000 0.000000 0.114228 0.000000 0.148780 0.468293 0.006098 0.218293 0.000000 0.000000 0.000000 0.000000 0.000000 0.000000 0.000000 0.000000 0.025610 0.006098 0.012602 0.000000
0.102266 0.489773 0.000000 0.000000 0.000000 0.000000 0.000000 0.311774 0.000000 0.000000 0.000000 0.000000 0.000000 0.029298 0.000000 0.000000 0.000000 0.040907 0.025981 0.000000
0.000000 0.000000 0.256102 0.000000 0.000000 0.000000 0.565026 0.000000 0.046018 0.045218 0.005202 0.019208 0.000000 0.000000 0.063225 0.000000 0.000000 0.000000 0.000000 0.000000
0.000000 0.000000 0.044836 0.000000 0.270616 0.000000 0.544836 0.000000 0.000000 0.000000 0.001201 0.000000 0.000000 0.000000 0.032826 0.025220 0.000000 0.080464 0.000000 0.000000
0.000000 0.000000 0.000000 0.000000 0.000000 0.000000 0.438963 0.063963 0.041388 0.121656 0.000000 0.000000 0.000000 0.002090 0.114967 0.000000 0.000000 0.188545 0.028428 0.000000
0.027600 0.684400 0.000000 0.000000 0.112000 0.000000 0.000000 0.081200 0.000000 0.000000 0.000000 0.024800 0.000000 0.000000 0.000000 0.067200 0.002800 0.000000 0.000000 0.000000
0.000000 0.000000 0.120400 0.001200 0.123600 0.586400 0.017600 0.000000 0.000000 0.072000 0.000000 0.000000 0.000000 0.033200 0.045600 0.000000 0.000000 0.000000 0.000000 0.000000
0.100000 0.000000 0.000000 0.415600 0.000000 0.000000 0.000000 0.000000 0.064800 0.000000 0.082000 0.000000 0.000000 0.000000 0.108400 0.000000 0.000000 0.229200 0.000000 0.000000
0.390800 0.000000 0.054400 0.174000 0.000000 0.000000 0.000000 0.152000 0.065600 0.024400 0.000400 0.000000 0.000000 0.138400 0.000000 0.000000 0.000000 0.000000 0.000000 0.000000
0.000000 0.000000 0.000000 0.004400 0.364000 0.127600 0.000000 0.000000 0.141200 0.000000 0.160000 0.000000 0.000000 0.082800 0.000000 0.000000 0.120000 0.000000 0.000000 0.000000
0.000000 0.000000 0.000000 0.000000 0.226400 0.608400 0.042400 0.000000 0.041600 0.000000 0.000000 0.066800 0.000000 0.000000 0.011200 0.000000 0.003200 0.000000 0.000000 0.000000
