0.001600 0.321600 0.000000 0.000000 0.000000 0.000000 0.000000 0.000000 0.000000 0.000000 0.010000 0.000000 0.000000 0.000000 0.666800 0.000000 0.000000 0.000000 0.000000 0.000000
0.000000 0.000000 0.000000 0.000000 0.000000 0.000000 0.000000 0.443812 0.000000 0.000000 0.000000 0.270744 0.000000 0.285443 0.000000 0.000000 0.000000 0.000000 0.000000 0.000000
0.000000 0.000000 0.002825 0.000000 0.000000 0.000000 0.000000 0.448211 0.000000 0.000000 0.000000 0.000000 0.000000 0.000000 0.000000 0.548964 0.000000 0.000000 0.000000 0.000000
0.177200 0.000000 0.000000 0.000000 0.000000 0.000000 0.000000 0.000000 0.000000 0.000000 0.000000 0.000000 0.000000 0.000000 0.000000 0.000000 0.006800 0.816000 0.000000 0.000000
0.000000 0.000000 0.000000 0.000000 0.066000 0.000000 0.000000 0.000000 0.280000 0.350400 0.000000 0.303600 0.000000 0.000000 0.000000 0.000000 0.000000 0.000000 0.000000 0.000000
0.000000 0.000000 0.931048 0.000000 0.000000 0.000000 0.000000 0.000000 0.035484 0.000000 0.000000 0.025806 0.000000 0.000000 0.000000 0.000000 0.000000 0.000000 0.007661 0.000000
0.000000 0.000000 0.000000 0.000000 0.000000 0.000000 0.002965 0.000000 0.000000 0.000000 0.000000 0.000000 0.000000 0.000000 0.233376 0.000000 0.000000 0.763659 0.000000 0.000000
0.000000 0.000000 0.000000 0.000000 0.576292 0.000000 0.000000 0.000000 0.000000 0.000000 0.073288 0.000000 0.000000 0.000000 0.350421 0.000000 0.000000 0.000000 0.000000 0.000000
0.230496 0.000000 0.000000 0.000000 0.000000 0.000000 0.000000 0.526005 0.000000 0.000000 0.000000 0.000000 0.000000 0.000000 0.000000 0.000000 0.000000 0.000000 0.000000 0.243499
0.000000 0.000000 0.000000 0.202400 0.000000 0.350800 0.000000 0.379200 0.000000 0.000000 0.000000 0.000000 0.000000 0.000000 0.000000 0.000000 0.067600 0.000000 0.000000 0.000000
0.020800 0.716400 0.000000 0.262800 0.000000 0.000000 0.000000 0.000000 0.000000 0.000000 0.000000 0.000000 0.000000 0.000000 0.000000 0.000000 0.000000 0.000000 0.000000 0.000000
0.000000 0.000000 0.000000 0.000000 0.000000 0.797200 0.000000 0.000000 0.000000 0.131200 0.000000 0.030800 0.000000 0.000000 0.000000 0.000000 0.040800 0.000000 0.000000 0.000000
0.000000 0.000000 0.000000 0.000000 0.000000 0.831784 0.000000 0.000000 0.000000 0.000000 0.051350 0.000000 0.000000 0.061974 0.000000 0.000000 0.000000 0.000000 0.054892 0.000000
0.125393 0.000000 0.000000 0.000000 0.000000 0.000000 0.000000 0.000000 0.000000 0.000000 0.000000 0.000000 0.000000 0.130115 0.627492 0.000000 0.000000 0.000000 0.000000 0.116999
0.000000 0.474000 0.000000 0.000000 0.000000 0.366400 0.000000 0.159600 0.000000 0.000000 0.000000 0.000000 0.000000 0.000000 0.000000 0.000000 0.000000 0.000000 0.000000 0.000000
0.000000 0.000000 0.000000 0.000000 0.844181 0.000000 0.000000 0.000000 0.008383 0.000000 0.000000 0.000000 0.000000 0.000000 0.000000 0.036489 0.000000 0.000000 0.110947 0.000000
0.000000 0.000000 0.000000 0.000000 0.000000 0.000000 0.000000 0.000000 0.110616 0.464749 0.000000 0.194084 0.000000 0.000000 0.000000 0.000000 0.000000 0.000000 0.230551 0.000000
0.432672 0.000000 0.000000 0.000000 0.000000 0.136344 0.000000 0.406923 0.000000 0.000000 0.000000 0.000000 0.000000 0.000000 0.000000 0.000000 0.000000 0.000000 0.024061 0.000000
0.000000 0.000000 0.000000 0.000000 0.828400 0.000000 0.000000 0.000000 0.103600 0.046000 0.000000 0.000000 0.000000 0.000000 0.000000 0.000000 0.022000 0.000000 0.000000 0.000000
0.000000 0.000000 0.000000 0.000000 0.000000 0.000000 0.552016 0.000000 0.000000 0.000000 0.000000 0.105645 0.000000 0.000000 0.000000 0.000000 0.000000 0.318145 0.000000 0.024194
