0.077200 0.000000 0.000000 0.903200 0.000000 0.000000 0.000000 0.000000 0.019600 0.000000 0.000000 0.000000 0.000000 0.000000 0.000000 0.000000 0.000000 0.000000 0.000000 0.000000
0.000000 0.000000 0.000000 0.000000 0.612707 0.000000 0.000000 0.247514 0.000000 0.000000 0.000000 0.000000 0.000000 0.000000 0.000000 0.000000 0.000000 0.000000 0.000000 0.139779
0.000000 0.000000 0.000800 0.870000 0.000000 0.000000 0.000000 0.000000 0.000000 0.000000 0.000000 0.000000 0.000000 0.000000 0.000000 0.000000 0.000000 0.129200 0.000000 0.000000
0.000000 0.675774 0.000000 0.000000 0.000000 0.000000 0.000000 0.000000 0.000000 0.000000 0.000000 0.000000 0.000000 0.279599 0.000000 0.000000 0.000000 0.000000 0.044627 0.000000
0.685200 0.000000 0.139600 0.000000 0.000000 0.000000 0.175200 0.000000 0.000000 0.000000 0.000000 0.000000 0.000000 0.000000 0.000000 0.000000 0.000000 0.000000 0.000000 0.000000
0.755600 0.000000 0.000000 0.000000 0.000000 0.000000 0.000000 0.154800 0.000000 0.000000 0.000000 0.000000 0.000000 0.000000 0.000000 0.000000 0.089600 0.000000 0.000000 0.000000
0.000000 0.000000 0.000000 0.000000 0.000000 0.000000 0.001365 0.000000 0.000000 0.000000 0.000000 0.000000 0.000000 0.000000 0.000000 0.000000 0.000000 0.923567 0.000000 0.075068
0.000000 0.000000 0.000000 0.000000 0.000000 0.000000 0.000000 0.002000 0.000000 0.000000 0.000000 0.000000 0.000000 0.179200 0.818800 0.000000 0.000000 0.000000 0.000000 0.000000
0.443526 0.000000 0.000000 0.000000 0.000000 0.000000 0.000000 0.000000 0.000000 0.000000 0.000000 0.000000 0.000000 0.000000 0.000000 0.000000 0.000000 0.000000 0.556474 0.000000
0.000000 0.000000 0.000000 0.000000 0.000000 0.735200 0.000000 0.000000 0.000000 0.000000 0.026400 0.000000 0.000000 0.238400 0.000000 0.000000 0.000000 0.000000 0.000000 0.000000
0.000000 0.000000 0.000000 0.000000 0.521600 0.000000 0.471600 0.000000 0.006800 0.000000 0.000000 0.000000 0.000000 0.000000 0.000000 0.000000 0.000000 0.000000 0.000000 0.000000
0.000000 0.000000 0.961600 0.038400 0.000000 0.000000 0.000000 0.000000 0.000000 0.000000 0.000000 0.000000 0.000000 0.000000 0.000000 0.000000 0.000000 0.000000 0.000000 0.000000
0.000000 0.000000 0.000000 0.917600 0.000000 0.000000 0.000000 0.000000 0.000000 0.000000 0.000000 0.082400 0.000000 0.000000 0.000000 0.000000 0.000000 0.000000 0.000000 0.000000
0.000000 0.949245 0.000000 0.000000 0.000000 0.000000 0.000000 0.000000 0.005453 0.000000 0.000000 0.045302 0.000000 0.000000 0.000000 0.000000 0.000000 0.000000 0.000000 0.000000
0.000000 0.000000 0.000000 0.274400 0.000000 0.000000 0.000000 0.000000 0.000000 0.000000 0.000000 0.000000 0.000000 0.000000 0.000000 0.000000 0.000000 0.725600 0.000000 0.000000
0.000000 0.000000 0.471713 0.000000 0.000000 0.000000 0.000000 0.000000 0.000000 0.000000 0.000000 0.000000 0.000000 0.000000 0.000000 0.000000 0.000000 0.528287 0.000000 0.000000
0.000000 0.000000 0.000000 0.000000 0.000000 0.000000 0.787600 0.000000 0.000000 0.172000 0.000000 0.040400 0.000000 0.000000 0.000000 0.000000 0.000000 0.000000 0.000000 0.000000
0.000000 0.945200 0.014400 0.000000 0.000000 0.000000 0.000000 0.040400 0.000000 0.000000 0.000000 0.000000 0.000000 0.000000 0.000000 0.000000 0.000000 0.000000 0.000000 0.000000
0.000000 0.000000 0.797600 0.000000 0.000000 0.000000 0.000000 0.201600 0.000000 0.000800 0.000000 0.000000 0.000000 0.000000 0.000000 0.000000 0.000000 0.000000 0.000000 0.000000
0.000000 0.000000 0.000000 0.766307 0.000000 0.000000 0.000000 0.000000 0.233693 0.000000 0.000000 0.000000 0.000000 0.000000 0.000000 0.000000 0.000000 0.000000 0.000000 0.000000
