0.163600 0.033600 0.001200 0.000400 0.004000 0.000000 0.003200 0.000800 0.001600 0.000000 0.759600 0.000000 0.002400 0.000000 0.003200 0.000000 0.024800 0.001600 0.000000 0.000000
0.028400 0.518800 0.016800 0.008800 0.008400 0.001600 0.005200 0.001600 0.005200 0.000000 0.338000 0.000000 0.000000 0.000400 0.050800 0.000000 0.003200 0.012000 0.000800 0.000000
0.000000 0.000000 0.984000 0.000400 0.002800 0.000000 0.000400 0.000000 0.000000 0.000000 0.011600 0.000000 0.000000 0.000000 0.000800 0.000000 0.000000 0.000000 0.000000 0.000000
0.003604 0.013216 0.239487 0.437325 0.038847 0.053664 0.074089 0.000400 0.000000 0.000000 0.114537 0.000000 0.000000 0.000000 0.005607 0.000000 0.000000 0.015218 0.003604 0.000400
0.000000 0.000403 0.106091 0.010085 0.760387 0.000403 0.002420 0.000000 0.000000 0.000000 0.112142 0.000000 0.000000 0.000000 0.001614 0.000000 0.002017 0.004437 0.000000 0.000000
0.000000 0.000403 0.029021 0.032245 0.004837 0.715437 0.050383 0.000000 0.000000 0.004031 0.116888 0.000000 0.000000 0.000000 0.026199 0.000000 0.000000 0.016526 0.003628 0.000403
0.000000 0.000400 0.010400 0.007200 0.002400 0.013200 0.938800 0.000000 0.000000 0.000400 0.019600 0.000000 0.000000 0.000000 0.004400 0.000000 0.000400 0.002000 0.000800 0.000000
0.000400 0.021600 0.249600 0.002800 0.020800 0.002800 0.001200 0.546800 0.000000 0.000000 0.123200 0.000000 0.000000 0.000000 0.002000 0.000000 0.007200 0.018400 0.003200 0.000000
0.001200 0.000000 0.000800 0.000000 0.000400 0.000000 0.004800 0.000000 0.095600 0.000000 0.883600 0.000000 0.001200 0.000000 0.002800 0.000000 0.008400 0.001200 0.000000 0.000000
0.000000 0.000000 0.000800 0.000400 0.000000 0.000400 0.008800 0.000000 0.000000 0.070800 0.917200 0.000000 0.000000 0.000000 0.000800 0.000000 0.000000 0.000400 0.000400 0.000000
0.000000 0.000000 0.003600 0.000800 0.000400 0.000000 0.000400 0.000000 0.000000 0.000000 0.989200 0.000000 0.000000 0.000000 0.001200 0.000000 0.000000 0.004400 0.000000 0.000000
0.000000 0.000000 0.000000 0.000800 0.000400 0.000400 0.003200 0.000400 0.003600 0.000000 0.951200 0.000000 0.001600 0.000000 0.032000 0.000000 0.006000 0.000400 0.000000 0.000000
0.002400 0.000400 0.012000 0.010400 0.004400 0.000800 0.019600 0.007600 0.001200 0.000000 0.756400 0.000000 0.002000 0.000000 0.014000 0.000000 0.154400 0.010400 0.004000 0.000000
0.016013 0.157326 0.087270 0.024820 0.049640 0.003603 0.006805 0.162530 0.000000 0.000000 0.365893 0.000000 0.000400 0.010008 0.007206 0.000400 0.063251 0.043635 0.001201 0.000000
0.000000 0.000000 0.008000 0.003200 0.007600 0.001600 0.021200 0.000400 0.000000 0.000000 0.026800 0.000000 0.000000 0.000000 0.930400 0.000000 0.000800 0.000000 0.000000 0.000000
0.044373 0.095603 0.021783 0.002420 0.005647 0.001614 0.005244 0.034691 0.002420 0.000000 0.669221 0.000000 0.000000 0.002824 0.002420 0.067769 0.031464 0.011698 0.000807 0.000000
0.003200 0.006800 0.010400 0.009600 0.012400 0.004000 0.033600 0.021600 0.000000 0.000000 0.471600 0.000000 0.001600 0.000000 0.017600 0.000000 0.398000 0.009200 0.000400 0.000000
0.000000 0.000000 0.060400 0.000000 0.000400 0.000000 0.000400 0.000000 0.000000 0.000000 0.903200 0.000000 0.000000 0.000000 0.000000 0.000000 0.000000 0.035600 0.000000 0.000000
0.000000 0.000000 0.000800 0.002400 0.000000 0.005600 0.004800 0.000000 0.000000 0.028400 0.462800 0.000000 0.000000 0.000000 0.020400 0.000000 0.000000 0.000400 0.472800 0.001600
0.000000 0.000000 0.003200 0.002400 0.000000 0.078800 0.009600 0.000000 0.000000 0.104000 0.660400 0.000000 0.000000 0.000000 0.001600 0.000000 0.000000 0.000400 0.138000 0.001600
