0.038800 0.000000 0.000000 0.615200 0.000000 0.000000 0.000000 0.345600 0.000400 0.000000 0.000000 0.000000 0.000000 0.000000 0.000000 0.000000 0.000000 0.000000 0.000000 0.000000
0.000000 0.000000 0.716000 0.050000 0.125200 0.000000 0.000000 0.108800 0.000000 0.000000 0.000000 0.000000 0.000000 0.000000 0.000000 0.000000 0.000000 0.000000 0.000000 0.000000
0.242472 0.361859 0.000000 0.000000 0.000000 0.000000 0.000000 0.000000 0.000000 0.000000 0.000000 0.000000 0.000000 0.207079 0.000000 0.000000 0.000000 0.000000 0.188590 0.000000
0.000000 0.000000 0.383754 0.000000 0.000000 0.000000 0.443778 0.157663 0.000000 0.000000 0.000000 0.000000 0.000000 0.000000 0.000000 0.000000 0.014806 0.000000 0.000000 0.000000
0.675486 0.000000 0.000000 0.000000 0.000000 0.000000 0.237702 0.000000 0.000000 0.000000 0.000000 0.000000 0.000000 0.000000 0.000000 0.000000 0.000000 0.075651 0.000000 0.011162
0.000000 0.000000 0.000000 0.000000 0.000000 0.000000 0.000000 0.066000 0.000000 0.000000 0.000000 0.000000 0.000000 0.012000 0.141600 0.000000 0.000000 0.780400 0.000000 0.000000
0.726581 0.000000 0.000000 0.000000 0.000000 0.179744 0.000000 0.000000 0.044836 0.000000 0.000000 0.000000 0.000000 0.000000 0.000000 0.000000 0.000000 0.000000 0.048839 0.000000
0.000000 0.000000 0.000000 0.000000 0.530400 0.000000 0.000000 0.000000 0.252400 0.000000 0.137600 0.000000 0.000000 0.079600 0.000000 0.000000 0.000000 0.000000 0.000000 0.000000
0.000000 0.000000 0.452000 0.065600 0.000000 0.000000 0.482400 0.000000 0.000000 0.000000 0.000000 0.000000 0.000000 0.000000 0.000000 0.000000 0.000000 0.000000 0.000000 0.000000
0.000000 0.000000 0.000000 0.692495 0.000000 0.000000 0.000000 0.000000 0.000000 0.000000 0.000000 0.165112 0.000000 0.000000 0.000000 0.000000 0.000000 0.142394 0.000000 0.000000
0.000000 0.804530 0.000000 0.000000 0.000000 0.000000 0.000000 0.000000 0.042366 0.000000 0.000000 0.000000 0.000000 0.000000 0.126258 0.000000 0.000000 0.000000 0.000000 0.026846
0.000000 0.000000 0.522400 0.347600 0.000000 0.000000 0.000000 0.000000 0.000000 0.000000 0.000000 0.000000 0.000000 0.000000 0.000000 0.000000 0.000000 0.130000 0.000000 0.000000
0.000000 0.000000 0.000000 0.000000 0.000000 0.000000 0.661200 0.000000 0.000000 0.077200 0.000000 0.122000 0.000000 0.000000 0.000000 0.000000 0.000000 0.139600 0.000000 0.000000
0.000000 0.317557 0.550566 0.000000 0.000000 0.000000 0.000000 0.044094 0.000000 0.087783 0.000000 0.000000 0.000000 0.000000 0.000000 0.000000 0.000000 0.000000 0.000000 0.000000
0.000000 0.000000 0.738677 0.063327 0.000000 0.000000 0.000000 0.197996 0.000000 0.000000 0.000000 0.000000 0.000000 0.000000 0.000000 0.000000 0.000000 0.000000 0.000000 0.000000
0.000000 0.000000 0.000000 0.000000 0.000000 0.866400 0.000000 0.000000 0.000800 0.000000 0.000000 0.000800 0.000000 0.000000 0.132000 0.000000 0.000000 0.000000 0.000000 0.000000
0.000000 0.000000 0.000000 0.000000 0.000000 0.000000 0.794071 0.000000 0.045272 0.000000 0.000000 0.005208 0.000000 0.000000 0.000000 0.000000 0.000000 0.000000 0.000000 0.155449
0.000000 0.000000 0.088800 0.000000 0.000000 0.626800 0.000000 0.284400 0.000000 0.000000 0.000000 0.000000 0.000000 0.000000 0.000000 0.000000 0.000000 0.000000 0.000000 0.000000
0.000000 0.000000 0.000000 0.000000 0.000000 0.721687 0.000000 0.000000 0.171486 0.000000 0.000000 0.000000 0.000000 0.000000 0.106827 0.000000 0.000000 0.000000 0.000000 0.000000
0.000000 0.808000 0.000000 0.000000 0.000000 0.000000 0.000000 0.182000 0.000000 0.000000 0.000000 0.000000 0.000000 0.000000 0.000000 0.000000 0.000000 0.010000 0.000000 0.000000
