0.034014 0.000000 0.715086 0.151661 0.000000 0.000000 0.000000 0.088035 0.000400 0.000000 0.000000 0.002401 0.000000 0.000000 0.000000 0.000000 0.008403 0.000000 0.000000 0.000000
0.030800 0.186400 0.271200 0.084800 0.000000 0.000000 0.000000 0.000000 0.000000 0.000000 0.000000 0.000000 0.000000 0.063200 0.000000 0.023600 0.000000 0.340000 0.000000 0.000000
0.119983 0.000000 0.000000 0.000000 0.000000 0.000000 0.691353 0.076127 0.000000 0.000000 0.001655 0.050890 0.000000 0.000000 0.000000 0.000000 0.005379 0.000000 0.000000 0.054613
0.000000 0.000000 0.000000 0.000000 0.000000 0.000000 0.000000 0.199323 0.044993 0.000000 0.000000 0.000000 0.000000 0.002903 0.140784 0.000000 0.000000 0.552008 0.059990 0.000000
0.449200 0.000000 0.050400 0.012800 0.000000 0.360000 0.000000 0.000000 0.094000 0.000000 0.021600 0.000000 0.000000 0.012000 0.000000 0.000000 0.000000 0.000000 0.000000 0.000000
0.000000 0.000000 0.608202 0.013089 0.000000 0.104712 0.000000 0.000000 0.000000 0.000000 0.174956 0.000000 0.000000 0.047557 0.000000 0.000000 0.000000 0.000000 0.051483 0.000000
0.000000 0.757903 0.000000 0.000000 0.000000 0.000000 0.047619 0.000000 0.043617 0.000000 0.000000 0.103241 0.000000 0.000000 0.022009 0.000000 0.025610 0.000000 0.000000 0.000000
0.000000 0.329600 0.026800 0.000000 0.000000 0.000000 0.466400 0.000000 0.000000 0.044000 0.000000 0.094800 0.000000 0.000000 0.000000 0.000000 0.005600 0.032800 0.000000 0.000000
0.000000 0.350020 0.189746 0.000000 0.000000 0.000000 0.000000 0.192168 0.000000 0.012515 0.000000 0.000000 0.000000 0.001615 0.000000 0.000000 0.000000 0.000000 0.125151 0.128785
0.000000 0.000000 0.000000 0.000000 0.000000 0.709054 0.000000 0.000000 0.063581 0.000000 0.000000 0.079678 0.000000 0.000000 0.009658 0.109457 0.000000 0.028571 0.000000 0.000000
0.000000 0.000000 0.008800 0.000000 0.000000 0.918000 0.016800 0.024400 0.016400 0.000000 0.000000 0.000000 0.000000 0.000000 0.000000 0.014000 0.000000 0.001600 0.000000 0.000000
0.000000 0.000000 0.000000 0.000000 0.000000 0.000000 0.000000 0.414954 0.073059 0.000000 0.018836 0.000000 0.000000 0.006849 0.000000 0.000000 0.000000 0.332763 0.000000 0.153539
0.000000 0.799200 0.000000 0.000000 0.041315 0.000000 0.000000 0.097290 0.000000 0.000000 0.000000 0.000000 0.000000 0.000000 0.000000 0.000000 0.000000 0.036873 0.000000 0.025322
0.000000 0.000000 0.000000 0.000000 0.000000 0.000000 0.557878 0.000000 0.000000 0.000000 0.002010 0.000000 0.000000 0.000000 0.000000 0.104100 0.002412 0.136656 0.087219 0.109727
0.000000 0.000000 0.000000 0.000000 0.239967 0.000000 0.000000 0.244062 0.084357 0.000000 0.000000 0.104832 0.000000 0.000000 0.000819 0.000000 0.000000 0.299345 0.026618 0.000000
0.000000 0.000000 0.283081 0.294961 0.000000 0.000000 0.000000 0.000000 0.061860 0.000000 0.000000 0.077837 0.000000 0.015567 0.000000 0.000000 0.000000 0.266694 0.000000 0.000000
0.000000 0.799200 0.085600 0.029200 0.000000 0.000000 0.000000 0.000000 0.000000 0.000000 0.000400 0.000000 0.000000 0.000000 0.000000 0.003200 0.000400 0.082000 0.000000 0.000000
0.000000 0.000000 0.022792 0.000000 0.000000 0.807082 0.000000 0.039072 0.000000 0.126170 0.000000 0.000000 0.000000 0.002849 0.000000 0.000000 0.002035 0.000000 0.000000 0.000000
0.422738 0.000000 0.000000 0.216573 0.000000 0.000000 0.000000 0.000000 0.076861 0.000000 0.049640 0.000000 0.000000 0.000000 0.000000 0.000000 0.118094 0.115693 0.000400 0.000000
0.000000 0.000000 0.329600 0.076000 0.000000 0.000000 0.000000 0.234400 0.192800 0.038800 0.031200 0.000000 0.000000 0.097200 0.000000 0.000000 0.000000 0.000000 0.000000 0.000000
