0.040000 0.000000 0.000000 0.657200 0.000000 0.000000 0.000000 0.248800 0.000800 0.000000 0.000000 0.000000 0.000000 0.000000 0.000000 0.000000 0.053200 0.000000 0.000000 0.000000
0.000000 0.000000 0.101600 0.108800 0.464000 0.000000 0.000000 0.000000 0.000000 0.000000 0.000000 0.000000 0.000000 0.099200 0.000000 0.000000 0.000000 0.226400 0.000000 0.000000
0.153600 0.114400 0.000400 0.000000 0.000000 0.000000 0.621600 0.110000 0.000000 0.000000 0.000000 0.000000 0.000000 0.000000 0.000000 0.000000 0.000000 0.000000 0.000000 0.000000
0.301200 0.000000 0.000000 0.000000 0.000000 0.000000 0.451200 0.000000 0.000000 0.000000 0.000000 0.000000 0.000000 0.001200 0.000000 0.000000 0.022400 0.224000 0.000000 0.000000
0.296000 0.000000 0.000000 0.000000 0.000000 0.479200 0.000000 0.122400 0.006400 0.000000 0.000000 0.000000 0.000000 0.000000 0.096000 0.000000 0.000000 0.000000 0.000000 0.000000
0.000000 0.000000 0.000000 0.000000 0.510800 0.000000 0.290400 0.000000 0.070800 0.000000 0.117200 0.000000 0.000000 0.010800 0.000000 0.000000 0.000000 0.000000 0.000000 0.000000
0.000000 0.000000 0.889912 0.008372 0.000000 0.000000 0.000000 0.000000 0.000000 0.000000 0.067392 0.000000 0.000000 0.000000 0.000000 0.000000 0.000000 0.000000 0.034324 0.000000
0.000000 0.411150 0.000000 0.000000 0.000000 0.000000 0.000000 0.000000 0.019599 0.000000 0.000000 0.002613 0.000000 0.000000 0.488676 0.000000 0.000000 0.000000 0.000000 0.077962
0.000000 0.000000 0.351200 0.384000 0.000000 0.000000 0.000000 0.000000 0.000000 0.133200 0.000000 0.000000 0.000000 0.000000 0.000000 0.000000 0.000000 0.131600 0.000000 0.000000
0.000000 0.272000 0.462000 0.000000 0.000000 0.000000 0.229600 0.000000 0.000000 0.000000 0.000000 0.033200 0.000000 0.000000 0.000000 0.000000 0.000000 0.000000 0.000000 0.003200
0.000000 0.000000 0.502281 0.052675 0.000000 0.000000 0.000000 0.424720 0.000000 0.006636 0.000000 0.000000 0.000000 0.000000 0.000000 0.000000 0.000000 0.000000 0.000000 0.013687
0.000000 0.000000 0.000000 0.000000 0.000000 0.908000 0.000000 0.000000 0.008400 0.000000 0.000000 0.004800 0.000000 0.000000 0.078800 0.000000 0.000000 0.000000 0.000000 0.000000
0.000000 0.000000 0.528226 0.000000 0.000000 0.000000 0.448387 0.000000 0.001613 0.000000 0.000000 0.001613 0.000000 0.000000 0.000000 0.000000 0.000000 0.000000 0.000000 0.020161
0.000000 0.000000 0.000000 0.000000 0.000000 0.176376 0.000000 0.357172 0.000000 0.000000 0.000000 0.000000 0.000000 0.000000 0.000000 0.000000 0.000000 0.331458 0.061069 0.073925
0.000000 0.000000 0.000000 0.000000 0.000000 0.000000 0.000000 0.492400 0.231600 0.000000 0.276000 0.000000 0.000000 0.000000 0.000000 0.000000 0.000000 0.000000 0.000000 0.000000
0.000000 0.519361 0.000000 0.000000 0.000000 0.000000 0.000000 0.317148 0.000000 0.000000 0.078672 0.000000 0.000000 0.000000 0.000000 0.000000 0.000000 0.000000 0.000000 0.084819
0.000000 0.000000 0.147200 0.000000 0.000000 0.000000 0.660400 0.000000 0.126400 0.000000 0.002400 0.000000 0.000000 0.000000 0.000000 0.000000 0.000000 0.063600 0.000000 0.000000
0.000000 0.000000 0.000000 0.000000 0.400160 0.000000 0.000000 0.000000 0.203681 0.000000 0.000000 0.000000 0.000000 0.000000 0.158864 0.237295 0.000000 0.000000 0.000000 0.000000
0.000000 0.000000 0.000000 0.000000 0.670000 0.000000 0.000000 0.049600 0.120000 0.000000 0.000000 0.000000 0.000000 0.041200 0.000000 0.000000 0.000000 0.119200 0.000000 0.000000
0.000000 0.000000 0.000000 0.000000 0.557016 0.000000 0.000000 0.331496 0.000000 0.000000 0.000000 0.062315 0.000000 0.000000 0.000000 0.000000 0.000000 0.000000 0.049173 0.000000
