0.000000 0.000000 0.000000 0.000000 0.000000 0.000000 0.708400 0.000000 0.000000 0.000000 0.000000 0.000000 0.000000 0.000000 0.000000 0.232800 0.000000 0.000000 0.020800 0.038000
0.000000 0.000000 0.000000 0.000000 0.000000 0.000000 0.691600 0.000000 0.000000 0.000000 0.000000 0.000000 0.000000 0.000000 0.000000 0.258000 0.000000 0.000000 0.022800 0.027600
0.000000 0.000000 0.000000 0.000000 0.000000 0.000000 0.000000 0.000000 0.000000 0.000000 0.000000 0.577600 0.000000 0.000000 0.000000 0.000000 0.000000 0.000000 0.214400 0.208000
0.000000 0.000000 0.783827 0.000000 0.000000 0.000000 0.000000 0.000000 0.000000 0.000000 0.000000 0.000000 0.000000 0.003603 0.000000 0.000000 0.000000 0.000000 0.089672 0.122898
0.000000 0.608591 0.000000 0.000000 0.000000 0.387395 0.000000 0.000000 0.000000 0.000000 0.004014 0.000000 0.000000 0.000000 0.000000 0.000000 0.000000 0.000000 0.000000 0.000000
0.000000 0.574800 0.000000 0.002800 0.000000 0.000000 0.000000 0.000000 0.000000 0.000000 0.000000 0.004800 0.000000 0.417600 0.000000 0.000000 0.000000 0.000000 0.000000 0.000000
0.000000 0.000000 0.000000 0.000000 0.404800 0.000000 0.000000 0.000000 0.000000 0.000000 0.010000 0.423200 0.000000 0.162000 0.000000 0.000000 0.000000 0.000000 0.000000 0.000000
0.000000 0.000000 0.000000 0.000000 0.740830 0.000000 0.000000 0.000000 0.000000 0.000000 0.001209 0.000000 0.000000 0.000000 0.000000 0.000000 0.000000 0.000000 0.130593 0.127368
0.000000 0.000000 0.000000 0.000000 0.000000 0.000000 0.819731 0.000000 0.000000 0.000000 0.000000 0.000000 0.000000 0.001550 0.000000 0.000000 0.000000 0.178719 0.000000 0.000000
0.000000 0.000000 0.244800 0.000000 0.000000 0.695600 0.000000 0.000000 0.000000 0.000000 0.000000 0.000000 0.000000 0.000000 0.000000 0.000000 0.055600 0.004000 0.000000 0.000000
0.000000 0.000000 0.675200 0.000000 0.000000 0.000000 0.000000 0.000000 0.067200 0.256000 0.000000 0.000000 0.000000 0.000000 0.000000 0.000000 0.001600 0.000000 0.000000 0.000000
0.000000 0.288800 0.000000 0.000000 0.000000 0.000000 0.560800 0.000000 0.000000 0.016800 0.000000 0.000000 0.000000 0.133600 0.000000 0.000000 0.000000 0.000000 0.000000 0.000000
0.000000 0.000000 0.000000 0.000000 0.936400 0.000000 0.054400 0.000000 0.000000 0.000000 0.000000 0.000000 0.000000 0.000000 0.000000 0.000000 0.000000 0.000000 0.004800 0.004400
0.000000 0.000000 0.000000 0.000000 0.675724 0.000000 0.000000 0.000000 0.248552 0.000000 0.036526 0.000000 0.000000 0.000000 0.000000 0.000000 0.000000 0.000000 0.039198 0.000000
0.000000 0.000000 0.000000 0.000000 0.476800 0.338800 0.000000 0.000000 0.115600 0.000000 0.068800 0.000000 0.000000 0.000000 0.000000 0.000000 0.000000 0.000000 0.000000 0.000000
0.000000 0.000000 0.000000 0.000000 0.000000 0.000000 0.948000 0.000000 0.000000 0.000000 0.000400 0.000000 0.000000 0.000000 0.000000 0.000000 0.000000 0.000000 0.028800 0.022800
0.000000 0.000000 0.000000 0.000000 0.000000 0.000000 0.523200 0.000000 0.000000 0.000000 0.000000 0.000000 0.000000 0.000000 0.000000 0.413200 0.000000 0.000000 0.022400 0.041200
0.000000 0.000000 0.000000 0.000000 0.631600 0.000000 0.346400 0.000000 0.000000 0.004800 0.000000 0.000000 0.000000 0.017200 0.000000 0.000000 0.000000 0.000000 0.000000 0.000000
0.000000 0.578777 0.000000 0.000000 0.129202 0.000000 0.292021 0.000000 0.000000 0.000000 0.000000 0.000000 0.000000 0.000000 0.000000 0.000000 0.000000 0.000000 0.000000 0.000000
0.000000 0.557754 0.000000 0.000000 0.132472 0.000000 0.309774 0.000000 0.000000 0.000000 0.000000 0.000000 0.000000 0.000000 0.000000 0.000000 0.000000 0.000000 0.000000 0.000000
