0.000000 0.000000 0.000000 0.000000 0.000000 0.000000 0.000000 0.000000 0.000000 0.000000 0.057829 0.000000 0.000000 0.114566 0.825968 0.000000 0.000000 0.000000 0.000000 0.001637
0.000000 0.000000 0.000000 0.000000 0.000000 0.000000 0.000000 0.000000 0.435230 0.000000 0.242818 0.000000 0.000000 0.100271 0.000000 0.000000 0.000000 0.000000 0.000000 0.221680
0.000000 0.322000 0.000000 0.000000 0.000000 0.000000 0.678000 0.000000 0.000000 0.000000 0.000000 0.000000 0.000000 0.000000 0.000000 0.000000 0.000000 0.000000 0.000000 0.000000
0.000000 0.436749 0.433947 0.000000 0.000000 0.129303 0.000000 0.000000 0.000000 0.000000 0.000000 0.000000 0.000000 0.000000 0.000000 0.000000 0.000000 0.000000 0.000000 0.000000
0.116000 0.181600 0.165600 0.000000 0.000000 0.000000 0.536800 0.000000 0.000000 0.000000 0.000000 0.000000 0.000000 0.000000 0.000000 0.000000 0.000000 0.000000 0.000000 0.000000
0.000000 0.000000 0.000000 0.000000 0.636800 0.000000 0.000000 0.000000 0.000000 0.000000 0.000000 0.000000 0.000000 0.331600 0.000000 0.000000 0.000000 0.000000 0.002800 0.028800
0.000000 0.000000 0.000000 0.003200 0.000000 0.000000 0.000000 0.000000 0.000000 0.000000 0.000000 0.000000 0.000000 0.995200 0.000000 0.000000 0.000000 0.000000 0.000400 0.001200
0.000000 0.000000 0.252800 0.000000 0.000000 0.000000 0.696000 0.000000 0.000000 0.000000 0.000000 0.000000 0.000000 0.000000 0.051200 0.000000 0.000000 0.000000 0.000000 0.000000
0.000000 0.980400 0.000000 0.000000 0.000000 0.000000 0.000000 0.000000 0.000000 0.000000 0.000000 0.000000 0.000000 0.000000 0.008000 0.000000 0.000000 0.000000 0.003600 0.008000
0.000000 0.484800 0.000000 0.000000 0.000000 0.000000 0.437200 0.000000 0.000000 0.000000 0.000000 0.076400 0.000000 0.000000 0.000000 0.000000 0.000000 0.001600 0.000000 0.000000
0.000000 0.478000 0.000000 0.000000 0.000000 0.000000 0.000000 0.000000 0.000000 0.000000 0.000000 0.000000 0.000000 0.078800 0.420800 0.000000 0.022400 0.000000 0.000000 0.000000
0.000000 0.000000 0.000000 0.000000 0.000000 0.000000 0.000000 0.000000 0.000000 0.000000 0.013200 0.000000 0.000000 0.554800 0.000000 0.000000 0.000000 0.000000 0.212800 0.219200
0.000000 0.923895 0.000000 0.000000 0.000000 0.000000 0.000000 0.000000 0.000000 0.000000 0.000000 0.000000 0.000000 0.000000 0.056973 0.000000 0.000000 0.000000 0.000000 0.019133
0.000000 0.000000 0.000000 0.000000 0.000000 0.000000 0.924000 0.000000 0.000000 0.000000 0.000000 0.000000 0.000000 0.000000 0.029200 0.000000 0.000000 0.000000 0.021200 0.025600
0.000000 0.203200 0.000000 0.000000 0.000000 0.000000 0.795600 0.000000 0.000400 0.000000 0.000000 0.000800 0.000000 0.000000 0.000000 0.000000 0.000000 0.000000 0.000000 0.000000
0.000000 0.000000 0.000000 0.000000 0.000000 0.000000 0.000000 0.000000 0.113600 0.000000 0.188000 0.000000 0.000000 0.105600 0.592800 0.000000 0.000000 0.000000 0.000000 0.000000
0.000000 0.000000 0.000000 0.000000 0.000000 0.000000 0.000000 0.000000 0.242482 0.000000 0.145585 0.000000 0.000000 0.000000 0.527924 0.000000 0.000000 0.000000 0.000000 0.084010
0.000000 0.645789 0.038510 0.000000 0.000000 0.000000 0.315700 0.000000 0.000000 0.000000 0.000000 0.000000 0.000000 0.000000 0.000000 0.000000 0.000000 0.000000 0.000000 0.000000
0.000000 0.000000 0.000000 0.000000 0.000000 0.931600 0.064000 0.000000 0.000000 0.000000 0.000000 0.004400 0.000000 0.000000 0.000000 0.000000 0.000000 0.000000 0.000000 0.000000
0.000000 0.000000 0.000000 0.000000 0.000000 0.000000 0.862000 0.000000 0.000000 0.000000 0.005600 0.114800 0.000000 0.000000 0.017600 0.000000 0.000000 0.000000 0.000000 0.000000
