0.000000 0.613956 0.000000 0.000563 0.005627 0.000000 0.000000 0.000000 0.218908 0.158694 0.000000 0.000000 0.000000 0.000000 0.000000 0.000000 0.000000 0.000000 0.000000 0.002251
0.567524 0.000000 0.106109 0.059887 0.066720 0.000000 0.000000 0.000000 0.000000 0.000000 0.000000 0.000000 0.000000 0.000000 0.103698 0.089630 0.000000 0.000000 0.006431 0.000000
0.000000 0.000000 0.000000 0.000000 0.543670 0.000000 0.000000 0.002404 0.000401 0.021635 0.000000 0.000000 0.000000 0.000000 0.000000 0.000000 0.000000 0.431891 0.000000 0.000000
0.000000 0.000000 0.000000 0.000000 0.000000 0.603766 0.000000 0.000000 0.001603 0.000000 0.233173 0.000000 0.000000 0.129006 0.015625 0.015625 0.000000 0.000000 0.001202 0.000000
0.010000 0.000000 0.479200 0.463200 0.000000 0.017600 0.008000 0.000000 0.000000 0.000000 0.000000 0.017600 0.000000 0.000000 0.004400 0.000000 0.000000 0.000000 0.000000 0.000000
0.000000 0.096000 0.102400 0.033600 0.000000 0.000000 0.628800 0.000000 0.000000 0.000000 0.000000 0.015200 0.000000 0.048400 0.075600 0.000000 0.000000 0.000000 0.000000 0.000000
0.000000 0.070246 0.000000 0.044005 0.000000 0.000000 0.000000 0.000404 0.000000 0.670569 0.000000 0.000000 0.000000 0.000000 0.000000 0.000404 0.000000 0.208720 0.005652 0.000000
0.087605 0.264212 0.000000 0.000000 0.000000 0.000000 0.034483 0.000000 0.000000 0.000000 0.415191 0.000000 0.000000 0.000000 0.000000 0.000000 0.000000 0.196179 0.002330 0.000000
0.000000 0.005602 0.031212 0.000000 0.000000 0.000000 0.030412 0.003601 0.000000 0.000000 0.877951 0.000000 0.000000 0.000000 0.051220 0.000000 0.000000 0.000000 0.000000 0.000000
0.000000 0.000000 0.000000 0.001024 0.000000 0.449335 0.000000 0.000000 0.275844 0.000000 0.000000 0.000000 0.000000 0.000000 0.000000 0.007677 0.103378 0.000000 0.162743 0.000000
0.000000 0.000000 0.763289 0.000000 0.000000 0.086794 0.010797 0.055648 0.032392 0.000000 0.000000 0.000000 0.000000 0.000000 0.000000 0.000000 0.030731 0.000000 0.020349 0.000000
0.000000 0.000000 0.000000 0.000000 0.000000 0.000000 0.000000 0.007646 0.052716 0.000000 0.842656 0.000000 0.000000 0.017706 0.075252 0.004024 0.000000 0.000000 0.000000 0.000000
0.000000 0.056184 0.000000 0.000000 0.009297 0.000000 0.069927 0.095796 0.000000 0.000000 0.676233 0.000000 0.000000 0.000000 0.000000 0.000000 0.000000 0.091350 0.000000 0.001213
0.000000 0.000000 0.000000 0.000000 0.000000 0.000000 0.061625 0.450180 0.000000 0.000000 0.194478 0.000000 0.000000 0.000000 0.000000 0.000000 0.102041 0.080432 0.096839 0.014406
0.000000 0.000000 0.000000 0.000000 0.252400 0.000000 0.000000 0.234800 0.001600 0.000000 0.000000 0.147200 0.000000 0.150800 0.000000 0.000000 0.000000 0.000000 0.202800 0.010400
0.000000 0.000000 0.051811 0.007336 0.000000 0.000000 0.000000 0.000000 0.097662 0.000000 0.000000 0.433287 0.000000 0.407153 0.000000 0.000000 0.000000 0.000000 0.000000 0.002751
0.000000 0.107172 0.106764 0.036675 0.000000 0.000000 0.000000 0.000000 0.000000 0.000000 0.503667 0.000000 0.000000 0.000000 0.139364 0.105949 0.000000 0.000000 0.000407 0.000000
0.000000 0.000000 0.582658 0.000000 0.000000 0.000000 0.000000 0.008914 0.013776 0.364263 0.000000 0.000000 0.000000 0.014182 0.000000 0.000000 0.015802 0.000405 0.000000 0.000000
0.004320 0.000000 0.000000 0.003240 0.000000 0.000000 0.000000 0.000000 0.002160 0.000000 0.772138 0.000000 0.000000 0.000000 0.000000 0.000000 0.000000 0.045356 0.000000 0.172786
0.000000 0.000000 0.001200 0.002400 0.000000 0.000000 0.028400 0.000000 0.000000 0.635600 0.332400 0.000000 0.000000 0.000000 0.000000 0.000000 0.000000 0.000000 0.000000 0.000000
