0.021200 0.054400 0.226800 0.028400 0.016400 0.001600 0.214800 0.022000 0.000000 0.000000 0.000000 0.000800 0.000000 0.025600 0.066800 0.000000 0.000000 0.219600 0.080400 0.021200
0.033200 0.016400 0.240800 0.147200 0.016000 0.000000 0.155200 0.024400 0.001600 0.000000 0.002000 0.002800 0.000000 0.042000 0.015600 0.000000 0.000000 0.215200 0.075200 0.012400
0.475600 0.018800 0.000400 0.178800 0.010000 0.000400 0.024000 0.090800 0.133600 0.000000 0.000000 0.010000 0.002400 0.010800 0.003600 0.000000 0.000000 0.025200 0.012400 0.003200
0.042000 0.018400 0.267600 0.058000 0.042800 0.002000 0.144400 0.252000 0.001200 0.000000 0.000800 0.005200 0.001200 0.020400 0.004000 0.000000 0.014400 0.106000 0.016000 0.003600
0.286000 0.013600 0.120000 0.080000 0.002000 0.000400 0.046000 0.254400 0.108000 0.000000 0.000000 0.006000 0.004000 0.009200 0.007200 0.000000 0.000000 0.050000 0.005200 0.008000
0.059200 0.022000 0.432400 0.064000 0.024000 0.001200 0.037200 0.224800 0.012800 0.000000 0.001200 0.001200 0.000000 0.019200 0.002000 0.000000 0.009200 0.080800 0.008400 0.000400
0.074000 0.020000 0.506800 0.011600 0.009600 0.001200 0.001600 0.239600 0.005200 0.000000 0.000000 0.001200 0.000000 0.019600 0.001200 0.000000 0.048400 0.048400 0.009600 0.002000
0.181200 0.081200 0.148400 0.088400 0.101200 0.000000 0.092400 0.007600 0.006400 0.000000 0.000000 0.004000 0.001600 0.074000 0.046000 0.000000 0.000400 0.076400 0.074000 0.016800
0.106800 0.077200 0.015200 0.067200 0.008400 0.000800 0.291200 0.026000 0.000000 0.000000 0.000400 0.000800 0.000000 0.018000 0.071600 0.000000 0.000000 0.182000 0.058800 0.075600
0.252800 0.002800 0.226400 0.023200 0.007200 0.164000 0.156000 0.013600 0.115600 0.000000 0.002400 0.000000 0.000400 0.009200 0.006400 0.000000 0.000000 0.010400 0.006400 0.003200
0.082400 0.008800 0.400000 0.052000 0.011600 0.009200 0.384000 0.005600 0.005200 0.000000 0.001200 0.000000 0.000000 0.008400 0.008000 0.000000 0.000000 0.004400 0.005600 0.013600
0.046400 0.089200 0.024800 0.054000 0.009200 0.006000 0.104400 0.093600 0.000800 0.000000 0.000000 0.000800 0.000000 0.028400 0.146800 0.000000 0.000000 0.320800 0.052000 0.022800
0.122000 0.068000 0.048000 0.096800 0.027600 0.000000 0.180400 0.018800 0.000400 0.000000 0.000000 0.002800 0.000000 0.015600 0.086000 0.000000 0.000000 0.240000 0.049600 0.044000
0.129600 0.082400 0.121200 0.115600 0.078400 0.000400 0.121200 0.031600 0.004400 0.000000 0.000400 0.001200 0.000000 0.048000 0.020400 0.000000 0.000000 0.126400 0.098800 0.020000
0.102800 0.059600 0.061200 0.188400 0.002400 0.000000 0.009200 0.088400 0.000800 0.000000 0.000000 0.031200 0.000000 0.061600 0.000000 0.000000 0.000000 0.362800 0.030000 0.001600
0.078800 0.086400 0.141600 0.102800 0.053200 0.000800 0.150400 0.013200 0.000400 0.000000 0.001200 0.001600 0.000000 0.055600 0.030800 0.000000 0.000000 0.136000 0.127600 0.019600
0.144400 0.144800 0.056400 0.085200 0.022000 0.000000 0.145600 0.008800 0.001200 0.000000 0.000400 0.002400 0.000000 0.028000 0.039200 0.000000 0.000000 0.180400 0.098800 0.042400
0.038000 0.004000 0.008400 0.010400 0.446000 0.005600 0.038000 0.016400 0.202000 0.000000 0.052400 0.000800 0.000800 0.158000 0.006800 0.000000 0.000400 0.000400 0.002400 0.009200
0.384400 0.042000 0.094800 0.019600 0.022000 0.108800 0.026800 0.062000 0.130400 0.000000 0.000000 0.000800 0.000400 0.034000 0.010000 0.000000 0.000000 0.062800 0.001200 0.000000
0.300800 0.038000 0.175200 0.020000 0.012800 0.098400 0.091200 0.062000 0.096800 0.000000 0.000400 0.001600 0.000400 0.026400 0.010000 0.000000 0.000000 0.061600 0.004400 0.000000
