0.008800 0.029200 0.299200 0.044400 0.074800 0.080400 0.172800 0.103600 0.003600 0.000400 0.016000 0.000000 0.001600 0.001600 0.022400 0.009200 0.000000 0.096800 0.017600 0.017600
0.027200 0.027200 0.103600 0.068800 0.024000 0.026000 0.229600 0.162000 0.014000 0.000400 0.026400 0.000800 0.014800 0.022400 0.067200 0.013200 0.000000 0.084400 0.030000 0.058000
0.125600 0.008400 0.000400 0.390000 0.013600 0.094000 0.046400 0.020800 0.020400 0.001200 0.001200 0.058400 0.038800 0.003600 0.009600 0.046000 0.018800 0.101600 0.000400 0.000800
0.098000 0.263200 0.054400 0.056400 0.116000 0.044000 0.079600 0.046000 0.035200 0.000000 0.005600 0.000800 0.001200 0.000400 0.020400 0.032000 0.009600 0.132800 0.000400 0.004000
0.073600 0.052400 0.198800 0.074400 0.008000 0.120400 0.039200 0.255200 0.018000 0.000000 0.000400 0.013200 0.015200 0.013200 0.009200 0.035600 0.012000 0.044000 0.016400 0.000800
0.084000 0.090400 0.040000 0.045600 0.288400 0.007600 0.129600 0.025200 0.034000 0.001200 0.040800 0.010000 0.001600 0.003200 0.012000 0.078000 0.023200 0.066800 0.000800 0.017600
0.015200 0.220400 0.036800 0.002400 0.261600 0.003200 0.006800 0.025600 0.067600 0.002000 0.233200 0.007600 0.001200 0.009600 0.014000 0.013600 0.014000 0.064000 0.000400 0.000800
0.069600 0.017600 0.120000 0.072800 0.097600 0.233200 0.048000 0.004800 0.018800 0.000400 0.002400 0.001200 0.012800 0.007600 0.096400 0.097600 0.028400 0.050400 0.010800 0.009600
0.031200 0.075600 0.178800 0.034000 0.076800 0.319200 0.036000 0.032400 0.000400 0.001200 0.000800 0.000000 0.000000 0.001600 0.032400 0.009600 0.000800 0.140800 0.018800 0.009600
0.005200 0.007600 0.084400 0.142000 0.020800 0.170000 0.157200 0.150400 0.078400 0.006800 0.001200 0.051200 0.002000 0.021200 0.065600 0.007600 0.003200 0.024400 0.000000 0.000800
0.108400 0.011600 0.026800 0.241200 0.020400 0.037600 0.152800 0.022400 0.005200 0.024000 0.000000 0.000400 0.000400 0.292800 0.007600 0.010800 0.001600 0.008800 0.004800 0.022400
0.024800 0.164800 0.322400 0.036000 0.079200 0.054000 0.023200 0.067200 0.006000 0.002000 0.000400 0.000000 0.000000 0.003600 0.031200 0.018400 0.000000 0.153200 0.006400 0.007200
0.034000 0.101200 0.137200 0.033600 0.090400 0.178400 0.045600 0.133600 0.006800 0.000000 0.000000 0.002000 0.000000 0.000400 0.060000 0.013600 0.000000 0.087600 0.039200 0.036400
0.051200 0.028000 0.170800 0.053200 0.122400 0.108400 0.146000 0.041600 0.026000 0.000400 0.007200 0.001200 0.002000 0.004000 0.056000 0.057200 0.005200 0.054800 0.042000 0.022400
0.028800 0.044400 0.126800 0.007600 0.164000 0.005600 0.047200 0.335200 0.082800 0.000400 0.000800 0.000800 0.000000 0.008400 0.000000 0.036000 0.003600 0.074400 0.000400 0.032800
0.036800 0.054000 0.162800 0.043600 0.086800 0.134000 0.173200 0.060400 0.008400 0.000800 0.010400 0.000000 0.003200 0.004000 0.071600 0.012800 0.001600 0.052000 0.039600 0.044000
0.101600 0.121600 0.194000 0.064400 0.072800 0.123600 0.035600 0.043600 0.040400 0.000800 0.000800 0.000400 0.000000 0.001600 0.061200 0.024400 0.000000 0.073600 0.016000 0.023600
0.016000 0.157600 0.008400 0.106800 0.005200 0.222800 0.013200 0.081600 0.128000 0.000400 0.000000 0.000800 0.001200 0.075600 0.012400 0.006400 0.026800 0.000000 0.003600 0.133200
0.008000 0.011600 0.108800 0.005600 0.037600 0.139600 0.186000 0.041200 0.066800 0.011200 0.003600 0.037600 0.000400 0.013200 0.124000 0.016400 0.026800 0.161200 0.000000 0.000400
0.010000 0.012800 0.087200 0.097200 0.029200 0.097200 0.120400 0.064000 0.060000 0.001200 0.002800 0.024800 0.000400 0.015600 0.162000 0.025600 0.015600 0.169600 0.000400 0.004000
