0.000000 0.000000 0.287600 0.000000 0.192000 0.000000 0.458400 0.000000 0.000000 0.062000 0.000000 0.000000 0.000000 0.000000 0.000000 0.000000 0.000000 0.000000 0.000000 0.000000
0.000000 0.000000 0.131600 0.000000 0.063200 0.780000 0.025200 0.000000 0.000000 0.000000 0.000000 0.000000 0.000000 0.000000 0.000000 0.000000 0.000000 0.000000 0.000000 0.000000
0.000000 0.000000 0.000000 0.324336 0.000000 0.467257 0.000000 0.000000 0.000000 0.000000 0.000000 0.000000 0.000000 0.000000 0.000000 0.000000 0.000000 0.158407 0.000000 0.050000
0.000000 0.000000 0.000000 0.000000 0.000000 0.000000 0.000000 0.000000 0.019598 0.000000 0.000000 0.062141 0.000000 0.067400 0.000000 0.000000 0.000000 0.850860 0.000000 0.000000
0.000000 0.000000 0.000000 0.000000 0.000000 0.000000 0.000000 0.000000 0.000000 0.000000 0.000401 0.000000 0.000000 0.000000 0.000000 0.000000 0.000000 0.582497 0.234845 0.182256
0.000000 0.000000 0.637600 0.000000 0.000000 0.000000 0.000000 0.000000 0.000000 0.036800 0.000000 0.150000 0.000000 0.000000 0.000000 0.175600 0.000000 0.000000 0.000000 0.000000
0.000000 0.000000 0.812400 0.000000 0.000000 0.000000 0.000000 0.000000 0.059200 0.081200 0.000000 0.047200 0.000000 0.000000 0.000000 0.000000 0.000000 0.000000 0.000000 0.000000
0.000000 0.000000 0.000000 0.000000 0.212400 0.767600 0.000000 0.000000 0.002400 0.000000 0.000000 0.000000 0.000000 0.000000 0.000000 0.017600 0.000000 0.000000 0.000000 0.000000
0.000000 0.000000 0.299559 0.000000 0.000000 0.000000 0.000000 0.000000 0.000000 0.126952 0.000000 0.000000 0.000000 0.000000 0.000000 0.368042 0.000000 0.205447 0.000000 0.000000
0.000000 0.000000 0.850662 0.000000 0.000000 0.000000 0.000000 0.000000 0.121236 0.000000 0.000000 0.000000 0.000000 0.028101 0.000000 0.000000 0.000000 0.000000 0.000000 0.000000
0.000000 0.000000 0.000000 0.000000 0.000000 0.910800 0.087200 0.000000 0.002000 0.000000 0.000000 0.000000 0.000000 0.000000 0.000000 0.000000 0.000000 0.000000 0.000000 0.000000
0.000000 0.000000 0.000000 0.000000 0.571200 0.000000 0.388800 0.000000 0.000000 0.000000 0.000000 0.000000 0.000000 0.000000 0.000000 0.038000 0.000000 0.002000 0.000000 0.000000
0.000000 0.000000 0.028000 0.000000 0.628800 0.000000 0.000000 0.000000 0.000000 0.000000 0.000000 0.000000 0.000000 0.000000 0.000000 0.189600 0.000000 0.153600 0.000000 0.000000
0.000000 0.000000 0.273600 0.000000 0.000000 0.705200 0.000000 0.000000 0.000800 0.000000 0.000000 0.000000 0.000000 0.000000 0.000000 0.020400 0.000000 0.000000 0.000000 0.000000
0.000000 0.000000 0.360000 0.053600 0.070800 0.000000 0.000000 0.000000 0.000000 0.000000 0.000000 0.000000 0.000000 0.515600 0.000000 0.000000 0.000000 0.000000 0.000000 0.000000
0.000000 0.000000 0.104000 0.000000 0.089600 0.792800 0.013600 0.000000 0.000000 0.000000 0.000000 0.000000 0.000000 0.000000 0.000000 0.000000 0.000000 0.000000 0.000000 0.000000
0.000000 0.000000 0.188800 0.000000 0.063600 0.704400 0.000000 0.000000 0.000000 0.000000 0.000000 0.000000 0.000000 0.000000 0.000000 0.043200 0.000000 0.000000 0.000000 0.000000
0.000000 0.000000 0.000000 0.000000 0.000000 0.000000 0.000000 0.000000 0.349740 0.000000 0.000000 0.000000 0.000000 0.463786 0.000000 0.000000 0.186475 0.000000 0.000000 0.000000
0.000000 0.421600 0.574000 0.000000 0.000000 0.000000 0.000000 0.000000 0.003600 0.000000 0.000000 0.000000 0.000000 0.000800 0.000000 0.000000 0.000000 0.000000 0.000000 0.000000
0.000000 0.334000 0.660800 0.000000 0.000000 0.000000 0.000000 0.000000 0.004400 0.000000 0.000000 0.000000 0.000000 0.000800 0.000000 0.000000 0.000000 0.000000 0.000000 0.000000
