0.000000 0.551544 0.000000 0.000000 0.008424 0.000000 0.000000 0.000000 0.259928 0.178500 0.000000 0.000000 0.000000 0.000000 0.000000 0.000000 0.000000 0.000000 0.000000 0.001604
0.746400 0.000000 0.000000 0.030400 0.104800 0.028400 0.000000 0.000000 0.000000 0.000000 0.000000 0.000000 0.000000 0.000000 0.090000 0.000000 0.000000 0.000000 0.000000 0.000000
0.213200 0.000000 0.000000 0.146400 0.000000 0.000000 0.000000 0.179600 0.002000 0.458800 0.000000 0.000000 0.000000 0.000000 0.000000 0.000000 0.000000 0.000000 0.000000 0.000000
0.102111 0.000000 0.000000 0.000000 0.703576 0.000000 0.000000 0.026713 0.000000 0.000000 0.000000 0.000000 0.000000 0.000000 0.108143 0.000000 0.000000 0.000000 0.059457 0.000000
0.119340 0.000000 0.000000 0.000000 0.000000 0.000000 0.511638 0.000000 0.000000 0.342785 0.000000 0.000000 0.000000 0.000000 0.000000 0.026238 0.000000 0.000000 0.000000 0.000000
0.000000 0.000000 0.000000 0.189600 0.112400 0.000000 0.000000 0.000000 0.000000 0.316000 0.000000 0.282000 0.000000 0.000000 0.100000 0.000000 0.000000 0.000000 0.000000 0.000000
0.000000 0.117200 0.390400 0.138800 0.000000 0.000000 0.000000 0.000000 0.000000 0.000000 0.000000 0.026000 0.000000 0.327600 0.000000 0.000000 0.000000 0.000000 0.000000 0.000000
0.000000 0.439199 0.000000 0.000000 0.000000 0.000000 0.000000 0.000000 0.000000 0.253696 0.000000 0.000000 0.000000 0.000000 0.000000 0.000000 0.000000 0.000000 0.278016 0.029089
0.000000 0.048800 0.000000 0.007600 0.000000 0.000000 0.000000 0.000000 0.000000 0.000000 0.000000 0.000000 0.000000 0.733200 0.000000 0.210000 0.000000 0.000000 0.000400 0.000000
0.000000 0.000000 0.000000 0.000000 0.000000 0.000000 0.024847 0.000000 0.000000 0.000000 0.943788 0.000000 0.000000 0.000000 0.000000 0.000000 0.000000 0.026069 0.005295 0.000000
0.000000 0.083052 0.260118 0.000000 0.000000 0.000000 0.000000 0.001686 0.000000 0.650927 0.000000 0.000000 0.000000 0.000000 0.000000 0.000000 0.000000 0.000000 0.004216 0.000000
0.000000 0.000000 0.000000 0.013306 0.000000 0.000000 0.000000 0.116935 0.437097 0.000000 0.000000 0.000000 0.000000 0.427419 0.000000 0.000000 0.000000 0.000000 0.000000 0.005242
0.000000 0.000000 0.000000 0.023482 0.000000 0.017004 0.000000 0.000000 0.000000 0.000000 0.000000 0.760729 0.000000 0.000000 0.000000 0.000000 0.000000 0.195142 0.000000 0.003644
0.000000 0.000000 0.322102 0.000000 0.000000 0.067389 0.000000 0.458885 0.143201 0.000000 0.000000 0.000000 0.000000 0.000000 0.000000 0.000000 0.000000 0.000000 0.008424 0.000000
0.000000 0.000000 0.000000 0.000000 0.000000 0.000000 0.000000 0.005181 0.021589 0.000000 0.957686 0.000000 0.000000 0.000000 0.000000 0.015544 0.000000 0.000000 0.000000 0.000000
0.000000 0.304833 0.000000 0.000000 0.000000 0.000000 0.000000 0.217207 0.000000 0.000000 0.471057 0.000000 0.000000 0.000000 0.000000 0.000000 0.000000 0.000000 0.006904 0.000000
0.000000 0.000000 0.047458 0.033898 0.000000 0.000000 0.000000 0.000000 0.033051 0.000000 0.885593 0.000000 0.000000 0.000000 0.000000 0.000000 0.000000 0.000000 0.000000 0.000000
0.000000 0.000000 0.000000 0.000000 0.000000 0.000000 0.006800 0.000000 0.000000 0.000000 0.993200 0.000000 0.000000 0.000000 0.000000 0.000000 0.000000 0.000000 0.000000 0.000000
0.000000 0.000000 0.000000 0.099200 0.158400 0.000000 0.000000 0.000000 0.078800 0.000000 0.000000 0.000000 0.000000 0.000000 0.180400 0.000000 0.000000 0.483200 0.000000 0.000000
0.000000 0.000000 0.000000 0.000000 0.000000 0.000000 0.000000 0.000000 0.004950 0.000000 0.000000 0.000000 0.000000 0.146865 0.066007 0.000000 0.000000 0.228548 0.553630 0.000000
