0.000000 0.311469 0.000000 0.000000 0.000000 0.000000 0.000000 0.659557 0.003622 0.000000 0.000000 0.025352 0.000000 0.000000 0.000000 0.000000 0.000000 0.000000 0.000000 0.000000
0.000000 0.000000 0.000000 0.000000 0.000000 0.000000 0.000000 0.464400 0.000000 0.000000 0.000000 0.000000 0.000000 0.000000 0.524000 0.000000 0.011600 0.000000 0.000000 0.000000
0.591200 0.000000 0.000000 0.000000 0.306000 0.000000 0.000000 0.000000 0.000000 0.000000 0.000000 0.000000 0.000000 0.000000 0.080000 0.000000 0.022800 0.000000 0.000000 0.000000
0.000000 0.000000 0.000000 0.000000 0.538000 0.000000 0.000000 0.278000 0.000000 0.000000 0.000000 0.000000 0.000000 0.000000 0.147200 0.000000 0.036800 0.000000 0.000000 0.000000
0.000000 0.000000 0.000000 0.354567 0.000000 0.000000 0.000000 0.000000 0.000000 0.000000 0.000000 0.036458 0.000000 0.414263 0.000000 0.000000 0.194712 0.000000 0.000000 0.000000
0.000000 0.000000 0.000000 0.000000 0.000000 0.000000 0.000000 0.706800 0.000000 0.000000 0.000000 0.000000 0.000000 0.000000 0.237600 0.000000 0.055600 0.000000 0.000000 0.000000
0.000000 0.000000 0.000000 0.000000 0.000000 0.000000 0.000000 0.835200 0.000000 0.000000 0.000000 0.000000 0.000000 0.000000 0.119200 0.000000 0.045600 0.000000 0.000000 0.000000
0.166065 0.817489 0.000000 0.000000 0.000000 0.000000 0.000000 0.000000 0.000000 0.000000 0.000000 0.016446 0.000000 0.000000 0.000000 0.000000 0.000000 0.000000 0.000000 0.000000
0.000000 0.000000 0.000000 0.000000 0.000000 0.000000 0.000000 0.717200 0.000000 0.000000 0.069600 0.106000 0.000000 0.000000 0.000000 0.000000 0.107200 0.000000 0.000000 0.000000
0.318800 0.000000 0.000000 0.000000 0.000000 0.000000 0.000000 0.553200 0.000000 0.000400 0.000000 0.000000 0.000000 0.000000 0.127600 0.000000 0.000000 0.000000 0.000000 0.000000
0.000000 0.000000 0.000000 0.000000 0.000000 0.000000 0.000000 0.000000 0.000000 0.000000 0.000000 0.267200 0.000000 0.000000 0.000000 0.000000 0.000000 0.434800 0.161600 0.136400
0.000000 0.000000 0.000000 0.000000 0.000000 0.000000 0.000000 0.478800 0.007600 0.000000 0.000000 0.000000 0.000000 0.000000 0.491600 0.000000 0.022000 0.000000 0.000000 0.000000
0.000000 0.000000 0.000000 0.000000 0.000000 0.000000 0.000000 0.554636 0.048013 0.000000 0.000000 0.019868 0.000000 0.377483 0.000000 0.000000 0.000000 0.000000 0.000000 0.000000
0.000000 0.927589 0.000000 0.000000 0.000000 0.000000 0.000000 0.000000 0.000000 0.000000 0.000000 0.036408 0.000000 0.000000 0.000000 0.000000 0.036003 0.000000 0.000000 0.000000
0.000000 0.000000 0.000000 0.000000 0.000000 0.000000 0.000000 0.996400 0.000000 0.000000 0.000000 0.000000 0.000000 0.000000 0.000000 0.000000 0.000000 0.000000 0.000000 0.003600
0.000000 0.740800 0.000000 0.000000 0.000000 0.000000 0.000000 0.186000 0.000000 0.000000 0.000000 0.000000 0.000000 0.000000 0.000000 0.037200 0.036000 0.000000 0.000000 0.000000
0.000000 0.408400 0.000000 0.000000 0.000000 0.000000 0.000000 0.232800 0.000000 0.000000 0.000000 0.024000 0.000000 0.334800 0.000000 0.000000 0.000000 0.000000 0.000000 0.000000
0.547397 0.000000 0.000000 0.000000 0.000000 0.000000 0.000000 0.000000 0.000000 0.000000 0.000000 0.080548 0.000000 0.000000 0.289315 0.000000 0.000000 0.000000 0.000000 0.082740
0.000000 0.000000 0.000000 0.000000 0.000000 0.000000 0.000000 0.551600 0.000000 0.000000 0.033200 0.000000 0.000000 0.000000 0.176400 0.000000 0.238800 0.000000 0.000000 0.000000
0.000000 0.000000 0.000000 0.000000 0.000000 0.244000 0.000000 0.477600 0.000000 0.001200 0.000000 0.000000 0.000000 0.000000 0.000000 0.000000 0.277200 0.000000 0.000000 0.000000
