0.007200 0.051600 0.124000 0.029600 0.122000 0.136000 0.135600 0.076400 0.003600 0.019200 0.016800 0.000800 0.000000 0.014800 0.016400 0.008000 0.002000 0.123200 0.061200 0.051600
0.034000 0.025200 0.229200 0.011200 0.097200 0.104800 0.097600 0.025200 0.009200 0.050000 0.003200 0.003200 0.001600 0.013200 0.022800 0.004400 0.013200 0.131600 0.080400 0.042800
0.032800 0.166000 0.000400 0.018800 0.040400 0.027200 0.230000 0.104400 0.051600 0.009600 0.018400 0.073600 0.015600 0.026000 0.008000 0.044400 0.001200 0.061600 0.012400 0.057600
0.109600 0.104000 0.054800 0.057600 0.026000 0.015200 0.110400 0.126800 0.046800 0.008800 0.005200 0.001600 0.000800 0.020800 0.008400 0.072000 0.014000 0.183200 0.006800 0.027200
0.036000 0.046000 0.092800 0.064800 0.004000 0.022400 0.089600 0.089600 0.056800 0.079600 0.008400 0.020400 0.026800 0.016400 0.173600 0.012400 0.005600 0.096000 0.051600 0.007200
0.076000 0.070000 0.190000 0.048400 0.070400 0.028000 0.013600 0.090400 0.023200 0.008000 0.016400 0.007200 0.000400 0.037600 0.005200 0.052800 0.036400 0.216000 0.002400 0.007600
0.039200 0.343600 0.157600 0.001600 0.022800 0.011200 0.004000 0.166400 0.042800 0.003200 0.002800 0.004800 0.000800 0.030000 0.046800 0.007200 0.009600 0.038400 0.000800 0.066400
0.069600 0.046800 0.046400 0.101200 0.071600 0.100800 0.066800 0.016400 0.004400 0.083600 0.004000 0.080000 0.014800 0.059200 0.019200 0.036400 0.000800 0.053600 0.094000 0.030400
0.080000 0.083600 0.159600 0.109200 0.009200 0.081600 0.114000 0.154400 0.000400 0.009200 0.001200 0.000800 0.000000 0.020400 0.010800 0.001600 0.000400 0.098000 0.038400 0.027200
0.066800 0.144800 0.124400 0.006800 0.161600 0.026000 0.102800 0.087200 0.020400 0.000000 0.000400 0.001200 0.001600 0.018800 0.056800 0.072800 0.007200 0.054400 0.002000 0.044000
0.053200 0.024000 0.118400 0.015600 0.015200 0.368800 0.109600 0.015600 0.056400 0.000000 0.000000 0.002400 0.003200 0.013200 0.073600 0.001200 0.007600 0.008800 0.007200 0.106000
0.029200 0.212400 0.201200 0.086000 0.012800 0.076400 0.178400 0.048800 0.007600 0.018800 0.006400 0.000000 0.000400 0.016000 0.010000 0.006800 0.002400 0.038000 0.022000 0.026400
0.082000 0.079200 0.127200 0.071600 0.076800 0.154400 0.144800 0.056400 0.002000 0.022000 0.004400 0.000800 0.000000 0.019600 0.007600 0.028800 0.000000 0.059200 0.031600 0.031600
0.036400 0.032400 0.097200 0.067600 0.065200 0.162000 0.148800 0.028400 0.005200 0.036000 0.004400 0.019600 0.001600 0.036400 0.016800 0.019600 0.001200 0.110000 0.070000 0.041200
0.102800 0.266800 0.213600 0.010800 0.062800 0.020800 0.016800 0.038400 0.008800 0.009600 0.004000 0.008400 0.000800 0.021600 0.000000 0.064000 0.027200 0.113600 0.005200 0.004000
0.034800 0.037600 0.090800 0.073200 0.074400 0.170800 0.111600 0.070400 0.001600 0.026800 0.005200 0.007200 0.001200 0.034400 0.027200 0.008000 0.000000 0.064000 0.094400 0.066400
0.061200 0.082400 0.204000 0.064400 0.016000 0.165200 0.176400 0.030400 0.002000 0.023200 0.005200 0.004800 0.000400 0.018800 0.010000 0.008000 0.000000 0.059600 0.042000 0.026000
0.008000 0.374400 0.010800 0.016000 0.091600 0.014800 0.162000 0.207600 0.016000 0.001200 0.002400 0.004400 0.022400 0.014000 0.002800 0.036400 0.000400 0.002400 0.009200 0.003200
0.239200 0.106400 0.046800 0.062000 0.070400 0.157600 0.022000 0.010000 0.050800 0.001600 0.001600 0.004400 0.000000 0.016800 0.005200 0.135600 0.044000 0.024000 0.000400 0.001200
0.100400 0.130400 0.110800 0.014400 0.122400 0.074400 0.154800 0.059200 0.018400 0.000400 0.002400 0.001600 0.000800 0.016800 0.003200 0.150800 0.005200 0.026400 0.003600 0.003600
