0.000000 0.693057 0.000000 0.000000 0.000000 0.000000 0.000000 0.000000 0.035323 0.000000 0.000000 0.123833 0.000000 0.000000 0.000000 0.000000 0.147787 0.000000 0.000000 0.000000
0.000000 0.000000 0.000000 0.000000 0.000000 0.000000 0.000000 0.920112 0.000000 0.000000 0.000000 0.013248 0.000000 0.000000 0.000000 0.000000 0.066640 0.000000 0.000000 0.000000
0.529200 0.000000 0.000000 0.000000 0.266000 0.000000 0.000000 0.000000 0.000000 0.000000 0.000000 0.000000 0.000000 0.142000 0.062800 0.000000 0.000000 0.000000 0.000000 0.000000
0.392800 0.000000 0.000000 0.000000 0.306400 0.000000 0.000000 0.236400 0.000000 0.000000 0.000000 0.000000 0.000000 0.000000 0.064400 0.000000 0.000000 0.000000 0.000000 0.000000
0.000000 0.000000 0.000000 0.194000 0.000000 0.000000 0.000000 0.000000 0.000000 0.000000 0.000000 0.000000 0.000000 0.294400 0.351600 0.000000 0.160000 0.000000 0.000000 0.000000
0.000000 0.000000 0.000000 0.000000 0.000000 0.000000 0.704728 0.278846 0.000000 0.000000 0.000000 0.000000 0.000000 0.000000 0.000000 0.000000 0.016426 0.000000 0.000000 0.000000
0.492800 0.000000 0.000000 0.000000 0.000000 0.000000 0.000000 0.414400 0.000000 0.000000 0.000000 0.000000 0.000000 0.000000 0.075600 0.000000 0.017200 0.000000 0.000000 0.000000
0.869200 0.000000 0.000000 0.000000 0.000000 0.000000 0.000000 0.000000 0.000000 0.000000 0.000000 0.060000 0.000000 0.000000 0.000000 0.000000 0.070800 0.000000 0.000000 0.000000
0.517200 0.000000 0.000000 0.000000 0.000000 0.000000 0.000000 0.000000 0.000000 0.000000 0.120000 0.202400 0.000000 0.000000 0.000000 0.000000 0.160400 0.000000 0.000000 0.000000
0.492000 0.000000 0.000000 0.000000 0.000000 0.000000 0.000000 0.507600 0.000000 0.000000 0.000400 0.000000 0.000000 0.000000 0.000000 0.000000 0.000000 0.000000 0.000000 0.000000
0.000000 0.000000 0.000000 0.000000 0.000000 0.000000 0.000000 0.648096 0.000000 0.000000 0.000000 0.151222 0.000000 0.000000 0.000000 0.000000 0.000000 0.176236 0.024446 0.000000
0.000000 0.000000 0.000000 0.000000 0.000000 0.000000 0.000000 0.934321 0.002002 0.000000 0.000000 0.002403 0.000000 0.000000 0.000000 0.000000 0.061274 0.000000 0.000000 0.000000
0.511004 0.000000 0.000000 0.000000 0.000000 0.000000 0.000000 0.486595 0.001200 0.000000 0.000000 0.001200 0.000000 0.000000 0.000000 0.000000 0.000000 0.000000 0.000000 0.000000
0.079725 0.897208 0.000000 0.000000 0.000000 0.000000 0.000000 0.000000 0.000000 0.000000 0.000000 0.000000 0.000000 0.000000 0.000000 0.000000 0.023068 0.000000 0.000000 0.000000
0.000000 0.000000 0.000000 0.000000 0.000000 0.000000 0.000000 0.973247 0.000000 0.000000 0.000000 0.000000 0.000000 0.000000 0.000000 0.000000 0.000000 0.000000 0.026753 0.000000
0.000000 0.000000 0.000000 0.000000 0.000000 0.000000 0.000000 0.536910 0.000000 0.000000 0.000000 0.093586 0.000000 0.000000 0.000000 0.176684 0.192820 0.000000 0.000000 0.000000
0.000000 0.811925 0.000000 0.000000 0.000000 0.000000 0.000000 0.159664 0.000000 0.000000 0.000000 0.000000 0.000000 0.028411 0.000000 0.000000 0.000000 0.000000 0.000000 0.000000
0.409200 0.000000 0.000000 0.000000 0.000000 0.000000 0.000000 0.302400 0.000000 0.000000 0.000000 0.062800 0.000000 0.000000 0.225600 0.000000 0.000000 0.000000 0.000000 0.000000
0.529600 0.000000 0.000000 0.000000 0.000000 0.000000 0.000000 0.247200 0.000000 0.000000 0.028000 0.000000 0.000000 0.000000 0.000000 0.000000 0.195200 0.000000 0.000000 0.000000
0.518000 0.000000 0.000000 0.000000 0.000000 0.108400 0.000000 0.373600 0.000000 0.000000 0.000000 0.000000 0.000000 0.000000 0.000000 0.000000 0.000000 0.000000 0.000000 0.000000
