0.009204 0.473790 0.194878 0.061224 0.000000 0.000000 0.000000 0.084434 0.011605 0.000000 0.006403 0.015206 0.000000 0.000000 0.000000 0.000000 0.012005 0.131253 0.000000 0.000000
0.062527 0.188016 0.100304 0.022579 0.000000 0.000000 0.000000 0.000000 0.019106 0.111594 0.000000 0.000000 0.000000 0.034303 0.000000 0.000000 0.016934 0.277464 0.167173 0.000000
0.313949 0.000000 0.000000 0.000000 0.039191 0.000000 0.359039 0.067425 0.000000 0.052676 0.000000 0.000000 0.000000 0.016856 0.000000 0.083439 0.000000 0.028234 0.000000 0.039191
0.000000 0.161394 0.000000 0.000000 0.015218 0.535042 0.046055 0.000000 0.043652 0.000000 0.141370 0.000000 0.000000 0.000400 0.009211 0.047657 0.000000 0.000000 0.000000 0.000000
0.000000 0.627160 0.000000 0.000000 0.000000 0.000000 0.249498 0.051426 0.010848 0.000000 0.000000 0.016071 0.000000 0.000000 0.000000 0.021695 0.002411 0.008035 0.012857 0.000000
0.097200 0.615600 0.070000 0.000000 0.000000 0.000000 0.088000 0.000000 0.000000 0.024400 0.006000 0.066000 0.000000 0.000000 0.000000 0.000000 0.008800 0.024000 0.000000 0.000000
0.000000 0.000000 0.087370 0.006488 0.150952 0.044550 0.000000 0.386246 0.000000 0.156142 0.042388 0.000000 0.000000 0.000000 0.000000 0.000000 0.000000 0.086073 0.039792 0.000000
0.000000 0.000000 0.124949 0.007683 0.000000 0.000000 0.534169 0.000000 0.084513 0.102709 0.003235 0.058633 0.000000 0.000000 0.000000 0.019005 0.003639 0.000000 0.000000 0.061464
0.058045 0.000000 0.000000 0.268032 0.000000 0.293214 0.000000 0.192061 0.005122 0.000000 0.002561 0.000000 0.000000 0.000000 0.067435 0.000000 0.000000 0.055484 0.000000 0.058045
0.000000 0.398394 0.177510 0.000402 0.000000 0.225301 0.000000 0.000000 0.080321 0.004418 0.001606 0.055020 0.000000 0.000000 0.057028 0.000000 0.000000 0.000000 0.000000 0.000000
0.000000 0.000000 0.128503 0.006805 0.082466 0.000000 0.000000 0.000000 0.076061 0.000000 0.000000 0.188551 0.000000 0.000000 0.100881 0.110488 0.000000 0.000000 0.157726 0.148519
0.000000 0.575721 0.127404 0.003205 0.000000 0.000000 0.000000 0.086939 0.006811 0.000000 0.000000 0.004407 0.000000 0.001202 0.000000 0.000000 0.000000 0.000000 0.096554 0.097756
0.000000 0.388754 0.000000 0.000000 0.072816 0.330906 0.026699 0.000000 0.000000 0.070793 0.000000 0.000000 0.000000 0.031553 0.038430 0.000000 0.000000 0.000000 0.000000 0.040049
0.087047 0.000000 0.000000 0.010829 0.324032 0.000000 0.000000 0.000000 0.111620 0.000000 0.067472 0.000000 0.000000 0.000000 0.093711 0.000000 0.000000 0.191170 0.000000 0.114119
0.283757 0.000000 0.000000 0.012898 0.106006 0.095123 0.000000 0.108021 0.000000 0.091898 0.080210 0.203144 0.000000 0.018944 0.000000 0.000000 0.000000 0.000000 0.000000 0.000000
0.000000 0.000000 0.000000 0.230175 0.000000 0.369256 0.000000 0.000000 0.076454 0.135014 0.005287 0.000000 0.000000 0.004067 0.000000 0.015860 0.003253 0.066287 0.000000 0.094347
0.025600 0.435600 0.000000 0.000000 0.021600 0.310800 0.000000 0.019600 0.000000 0.081600 0.000000 0.080400 0.000000 0.000000 0.000000 0.011600 0.000000 0.013200 0.000000 0.000000
0.000000 0.251575 0.000000 0.000000 0.000000 0.000000 0.000000 0.126837 0.000000 0.047459 0.000000 0.130197 0.000000 0.000000 0.298194 0.091138 0.002520 0.001680 0.050399 0.000000
0.000000 0.000000 0.082400 0.000000 0.264400 0.000000 0.000000 0.000000 0.133200 0.054800 0.000000 0.000000 0.000000 0.000000 0.104400 0.214400 0.046000 0.094800 0.004000 0.001600
0.000000 0.000000 0.000000 0.000000 0.000000 0.527200 0.043200 0.273600 0.000000 0.001600 0.002400 0.000000 0.000000 0.008400 0.000000 0.000000 0.064000 0.064800 0.004800 0.010000
