0.009200 0.049600 0.012800 0.007200 0.140400 0.174400 0.046800 0.083200 0.011200 0.000800 0.020800 0.005600 0.000000 0.000800 0.209200 0.003600 0.000000 0.045600 0.037200 0.141600
0.024800 0.018400 0.008000 0.008400 0.100400 0.180000 0.052000 0.042000 0.011200 0.002800 0.037200 0.003600 0.000000 0.013600 0.154400 0.010800 0.000000 0.178000 0.025200 0.129200
0.040400 0.005600 0.000000 0.002400 0.270000 0.062800 0.384400 0.007600 0.004000 0.000800 0.002800 0.002400 0.000000 0.002000 0.039200 0.146800 0.000000 0.010000 0.018400 0.000400
0.068000 0.049200 0.003200 0.002000 0.051200 0.011600 0.009200 0.029200 0.011200 0.080000 0.012800 0.060400 0.000800 0.130400 0.014000 0.212000 0.000000 0.250000 0.003200 0.001600
0.251600 0.007600 0.000000 0.000000 0.023600 0.068000 0.129200 0.241600 0.006400 0.002000 0.038800 0.048800 0.000800 0.004000 0.048800 0.070000 0.000000 0.043200 0.014800 0.000800
0.068400 0.041600 0.004400 0.012400 0.236000 0.003600 0.002000 0.094000 0.014000 0.027200 0.020000 0.022400 0.000800 0.065600 0.074800 0.190800 0.000000 0.116800 0.003600 0.001600
0.040000 0.004000 0.000800 0.013200 0.606000 0.012000 0.000000 0.162400 0.018800 0.000400 0.015200 0.003600 0.000000 0.006800 0.004400 0.030800 0.000000 0.080400 0.001200 0.000000
0.236800 0.050000 0.000000 0.001600 0.179600 0.133600 0.154400 0.009600 0.003600 0.005200 0.046800 0.013600 0.000400 0.002400 0.021600 0.036400 0.000000 0.063200 0.020000 0.021200
0.020400 0.063200 0.284400 0.004400 0.172800 0.142000 0.106400 0.112000 0.001600 0.000400 0.004400 0.000000 0.000000 0.002400 0.002400 0.010400 0.000000 0.032400 0.037600 0.002800
0.007200 0.006400 0.001200 0.228800 0.154000 0.012400 0.084000 0.019600 0.022800 0.000400 0.000400 0.038800 0.000800 0.004000 0.060000 0.327600 0.000000 0.028800 0.002400 0.000400
0.028800 0.006000 0.003200 0.009200 0.441600 0.022000 0.286000 0.024000 0.018800 0.003600 0.000400 0.003600 0.000000 0.000800 0.013600 0.083600 0.000000 0.009200 0.004000 0.041600
0.020400 0.147600 0.023200 0.037200 0.130800 0.311600 0.048400 0.138000 0.017600 0.002000 0.012000 0.000000 0.000000 0.005200 0.001200 0.007200 0.000000 0.038000 0.056800 0.002800
0.039200 0.037600 0.275600 0.004800 0.149200 0.153600 0.092800 0.045600 0.004000 0.000000 0.008000 0.000400 0.000000 0.000800 0.006800 0.029200 0.000000 0.055200 0.093200 0.004000
0.079200 0.014400 0.026000 0.008800 0.222800 0.167200 0.120000 0.010800 0.008400 0.005600 0.031200 0.002400 0.000400 0.006000 0.038400 0.058400 0.000000 0.127200 0.056800 0.016000
0.035600 0.023600 0.440000 0.010000 0.064400 0.040000 0.120000 0.037600 0.056000 0.001200 0.010800 0.005600 0.000000 0.012000 0.000000 0.023200 0.001600 0.100000 0.016800 0.001600
0.055200 0.019200 0.010000 0.010400 0.270800 0.213200 0.100800 0.018400 0.003600 0.001200 0.022000 0.002400 0.000000 0.003600 0.050000 0.010800 0.000000 0.119200 0.037200 0.052000
0.076000 0.035200 0.157600 0.003600 0.185200 0.139600 0.135200 0.050800 0.017200 0.000400 0.018800 0.000800 0.000000 0.000400 0.004800 0.024400 0.000000 0.108000 0.035600 0.006400
0.009600 0.006000 0.025200 0.007600 0.364800 0.011200 0.038800 0.005200 0.009200 0.000800 0.000000 0.006400 0.034800 0.000400 0.003600 0.473600 0.000000 0.000400 0.002400 0.000000
0.032800 0.008400 0.000000 0.251200 0.088800 0.018800 0.012400 0.011200 0.143600 0.000000 0.097200 0.000400 0.000000 0.003600 0.070400 0.176000 0.000000 0.085200 0.000000 0.000000
0.094400 0.007200 0.002400 0.234400 0.072000 0.021200 0.013200 0.010400 0.141200 0.000400 0.045600 0.028000 0.000000 0.003600 0.042400 0.207600 0.000000 0.073600 0.000400 0.002000
