0.000000 0.000000 0.000000 0.000000 0.000000 0.000000 0.000000 0.337200 0.000000 0.000000 0.059200 0.000000 0.000000 0.064400 0.539200 0.000000 0.000000 0.000000 0.000000 0.000000
0.000000 0.000000 0.000000 0.000000 0.000000 0.000000 0.000000 0.000000 0.118800 0.000000 0.189200 0.000000 0.000000 0.108800 0.583200 0.000000 0.000000 0.000000 0.000000 0.000000
0.000000 0.349200 0.000000 0.000000 0.000000 0.000000 0.650800 0.000000 0.000000 0.000000 0.000000 0.000000 0.000000 0.000000 0.000000 0.000000 0.000000 0.000000 0.000000 0.000000
0.000000 0.818327 0.000000 0.000000 0.000000 0.180872 0.000000 0.000000 0.000000 0.000000 0.000000 0.000000 0.000000 0.000000 0.000000 0.000000 0.000800 0.000000 0.000000 0.000000
0.311600 0.000000 0.280400 0.000000 0.000000 0.000000 0.385600 0.000000 0.000000 0.000000 0.000000 0.022400 0.000000 0.000000 0.000000 0.000000 0.000000 0.000000 0.000000 0.000000
0.000000 0.000000 0.000000 0.000000 0.948379 0.000000 0.000000 0.000000 0.000000 0.000000 0.000000 0.000000 0.000000 0.000000 0.036815 0.000000 0.000000 0.000000 0.003601 0.011204
0.000000 0.000000 0.000000 0.894943 0.000000 0.000000 0.000000 0.000000 0.000000 0.000000 0.000000 0.000000 0.000000 0.000000 0.000000 0.000000 0.000000 0.000000 0.044028 0.061029
0.000000 0.342000 0.110400 0.000000 0.000000 0.000000 0.515600 0.000000 0.000000 0.000000 0.000000 0.000000 0.000000 0.000000 0.032000 0.000000 0.000000 0.000000 0.000000 0.000000
0.000000 0.516990 0.000000 0.000000 0.000000 0.000000 0.000000 0.288350 0.000000 0.000000 0.000000 0.000000 0.000000 0.000000 0.194660 0.000000 0.000000 0.000000 0.000000 0.000000
0.000000 0.427600 0.000000 0.000000 0.000000 0.000000 0.551200 0.000000 0.000000 0.000000 0.000000 0.019200 0.000000 0.000000 0.002000 0.000000 0.000000 0.000000 0.000000 0.000000
0.000000 0.552291 0.000000 0.000000 0.000000 0.000000 0.000000 0.000000 0.000000 0.000000 0.000000 0.000000 0.000000 0.023904 0.423805 0.000000 0.000000 0.000000 0.000000 0.000000
0.000000 0.000000 0.000000 0.000000 0.000000 0.000000 0.000000 0.000000 0.000000 0.000000 0.012810 0.000000 0.000000 0.000000 0.452362 0.000000 0.000000 0.000000 0.295837 0.238991
0.000000 0.430400 0.000000 0.000000 0.000000 0.000000 0.000000 0.000000 0.000000 0.000000 0.021200 0.000000 0.000000 0.096000 0.452400 0.000000 0.000000 0.000000 0.000000 0.000000
0.000000 0.000000 0.000000 0.000000 0.000000 0.000000 0.885202 0.000000 0.000000 0.000000 0.000000 0.030942 0.000000 0.000000 0.066368 0.000000 0.000000 0.000000 0.000000 0.017489
0.000000 0.709251 0.000000 0.000000 0.000000 0.000000 0.257109 0.000000 0.000000 0.000000 0.000000 0.032439 0.000000 0.000000 0.000000 0.000000 0.000000 0.000000 0.000000 0.001201
0.000000 0.194000 0.000000 0.000000 0.000000 0.000000 0.000000 0.000000 0.000400 0.000000 0.000000 0.000000 0.000000 0.064400 0.741200 0.000000 0.000000 0.000000 0.000000 0.000000
0.000000 0.000000 0.000000 0.000000 0.000000 0.000000 0.000000 0.000000 0.144869 0.000000 0.070825 0.249899 0.000000 0.000000 0.534406 0.000000 0.000000 0.000000 0.000000 0.000000
0.000000 0.888800 0.088800 0.000000 0.000000 0.000000 0.000000 0.000000 0.000000 0.000000 0.000000 0.000000 0.000000 0.000000 0.000000 0.000000 0.000000 0.000000 0.009200 0.013200
0.000000 0.000000 0.000000 0.000000 0.000000 0.725200 0.000000 0.000000 0.000000 0.000000 0.000000 0.227600 0.000000 0.000000 0.047200 0.000000 0.000000 0.000000 0.000000 0.000000
0.000000 0.000000 0.000000 0.000000 0.000000 0.000000 0.000000 0.000000 0.000000 0.000000 0.070000 0.387600 0.000000 0.000000 0.217600 0.000000 0.324800 0.000000 0.000000 0.000000
