0.006000 0.040400 0.341600 0.010000 0.044800 0.114800 0.207600 0.108000 0.000800 0.007600 0.017200 0.000400 0.001600 0.002000 0.014800 0.004800 0.000400 0.054800 0.014800 0.007600
0.016000 0.008800 0.249600 0.009200 0.026800 0.046400 0.246400 0.152000 0.002000 0.003600 0.042400 0.000800 0.006800 0.014800 0.012400 0.016000 0.005600 0.064800 0.042000 0.033600
0.108400 0.006400 0.000800 0.302800 0.016400 0.151200 0.032400 0.092400 0.020000 0.002400 0.004400 0.050000 0.031600 0.003600 0.002000 0.033200 0.023600 0.069200 0.048400 0.000800
0.083200 0.124800 0.056000 0.048800 0.161200 0.044000 0.085600 0.048400 0.051200 0.001600 0.106400 0.001200 0.001600 0.005600 0.010000 0.032800 0.011600 0.123600 0.002400 0.000000
0.051621 0.052421 0.179272 0.021208 0.008403 0.216086 0.028812 0.236895 0.005602 0.000400 0.006002 0.003201 0.008804 0.010004 0.002801 0.096439 0.014806 0.034014 0.022009 0.001200
0.096800 0.033200 0.040800 0.038000 0.308000 0.010800 0.041600 0.026400 0.028400 0.001200 0.084000 0.004400 0.000400 0.004800 0.012000 0.144800 0.032800 0.062800 0.004400 0.024400
0.010000 0.197600 0.037200 0.002000 0.117600 0.004000 0.018400 0.014800 0.016800 0.016400 0.010000 0.078800 0.060400 0.010400 0.112400 0.027600 0.087600 0.102000 0.075600 0.000400
0.213200 0.020800 0.102400 0.056400 0.012400 0.172400 0.068800 0.010000 0.008400 0.006800 0.021200 0.001600 0.008800 0.004800 0.022000 0.012400 0.007200 0.186000 0.060000 0.004400
0.031200 0.049200 0.169600 0.027200 0.231600 0.194400 0.177200 0.024800 0.000400 0.002400 0.000000 0.000000 0.000000 0.000400 0.013600 0.003200 0.000000 0.052000 0.017600 0.005200
0.010800 0.010000 0.145200 0.276800 0.042000 0.045600 0.162400 0.142000 0.039600 0.002800 0.001600 0.029600 0.007600 0.014400 0.020000 0.026800 0.008000 0.012800 0.000000 0.002000
0.112800 0.077600 0.031200 0.190000 0.009200 0.062800 0.122800 0.038800 0.002800 0.014800 0.000000 0.001200 0.000400 0.226800 0.000800 0.008000 0.002400 0.006800 0.004800 0.086000
0.054800 0.047200 0.192000 0.123600 0.072800 0.122800 0.060800 0.122000 0.008000 0.001200 0.000000 0.000800 0.000000 0.003200 0.021200 0.020400 0.001600 0.138000 0.006400 0.003200
0.029200 0.077200 0.138000 0.008800 0.098800 0.158400 0.174400 0.140800 0.003200 0.004400 0.004000 0.001200 0.000000 0.001200 0.042800 0.008400 0.000000 0.042800 0.039200 0.027200
0.066000 0.017600 0.174800 0.014000 0.030400 0.215200 0.185600 0.057200 0.012400 0.006400 0.020000 0.001200 0.002400 0.003200 0.030400 0.025600 0.004800 0.066000 0.057200 0.009600
0.009600 0.026800 0.178000 0.005600 0.159200 0.029600 0.048800 0.305200 0.079200 0.000400 0.004000 0.008400 0.000800 0.003200 0.000000 0.043200 0.016000 0.051200 0.002800 0.028000
0.039200 0.015600 0.226800 0.017200 0.044800 0.134000 0.231600 0.080800 0.004400 0.004000 0.017200 0.000000 0.001200 0.006400 0.028800 0.006800 0.003200 0.028800 0.077600 0.031600
0.033600 0.136800 0.235600 0.010800 0.041600 0.189200 0.161600 0.021600 0.015600 0.007600 0.008400 0.000800 0.000400 0.002400 0.037600 0.008400 0.000000 0.051600 0.017600 0.018800
0.016000 0.153200 0.006000 0.096000 0.010000 0.239200 0.016400 0.086000 0.125600 0.000000 0.000400 0.001600 0.001200 0.070400 0.000800 0.013600 0.026000 0.000400 0.004000 0.133200
0.013200 0.005200 0.111200 0.010400 0.114400 0.142000 0.202000 0.017600 0.073600 0.008000 0.002800 0.032000 0.000400 0.001600 0.088000 0.083600 0.025200 0.067600 0.000000 0.001200
0.011600 0.011200 0.053600 0.022000 0.180400 0.106000 0.129600 0.011200 0.084000 0.001200 0.026000 0.027600 0.000400 0.017200 0.111600 0.127600 0.022400 0.049600 0.000400 0.006400
