0.011200 0.120400 0.285200 0.039600 0.000800 0.092800 0.088400 0.012800 0.002000 0.001200 0.000000 0.000400 0.000000 0.009200 0.084800 0.000000 0.000000 0.182400 0.027200 0.041600
0.023200 0.039600 0.318800 0.079600 0.000400 0.056400 0.182400 0.016400 0.008800 0.002400 0.002400 0.000800 0.000400 0.011600 0.025200 0.000000 0.000000 0.180800 0.017200 0.033600
0.486000 0.022000 0.000000 0.120400 0.000400 0.098000 0.024400 0.068400 0.118000 0.002400 0.000000 0.005200 0.005600 0.006000 0.012800 0.000000 0.000400 0.024000 0.005200 0.000800
0.033600 0.227200 0.225600 0.032000 0.018000 0.013600 0.089600 0.218400 0.008400 0.001200 0.007200 0.001200 0.000800 0.006800 0.005600 0.000000 0.006800 0.092400 0.007200 0.004400
0.346800 0.023600 0.019600 0.030000 0.000400 0.180000 0.127200 0.048800 0.078000 0.020400 0.000000 0.015200 0.003600 0.005600 0.006400 0.000000 0.000000 0.088400 0.004000 0.002000
0.019200 0.136000 0.237600 0.031600 0.014800 0.002800 0.182000 0.135200 0.054000 0.014400 0.002400 0.036000 0.000000 0.008000 0.006000 0.000000 0.004400 0.108400 0.002000 0.005200
0.038000 0.048000 0.391200 0.006000 0.001600 0.004800 0.053600 0.201600 0.112400 0.001600 0.000400 0.052800 0.000800 0.008000 0.000800 0.000000 0.036000 0.030800 0.004400 0.007200
0.052400 0.053600 0.254400 0.085600 0.003200 0.180800 0.039600 0.012000 0.008800 0.001200 0.000400 0.002400 0.002000 0.004800 0.127200 0.000000 0.000000 0.151600 0.007600 0.012400
0.074000 0.275600 0.043200 0.032000 0.000800 0.162800 0.098400 0.013600 0.000400 0.000000 0.000000 0.000400 0.000000 0.031600 0.036000 0.000000 0.000000 0.064000 0.131200 0.036000
0.015200 0.042800 0.124800 0.084000 0.009600 0.415600 0.012000 0.032000 0.136800 0.000000 0.000000 0.050800 0.000800 0.002000 0.059600 0.000000 0.000000 0.013200 0.000000 0.000800
0.009200 0.021600 0.086800 0.092800 0.012000 0.624800 0.017200 0.029200 0.068400 0.000400 0.001200 0.000000 0.000400 0.002800 0.016800 0.000000 0.000000 0.012000 0.000400 0.004000
0.030800 0.456000 0.111200 0.028000 0.000800 0.100800 0.042000 0.030800 0.002800 0.000800 0.000000 0.001600 0.000000 0.010400 0.055200 0.000000 0.000000 0.069200 0.034000 0.025600
0.088400 0.265200 0.079600 0.041200 0.000800 0.136400 0.114800 0.013600 0.000400 0.000400 0.000000 0.001600 0.000000 0.019600 0.056400 0.000000 0.000000 0.088800 0.052400 0.040400
0.042000 0.060400 0.186400 0.075200 0.002000 0.174800 0.078800 0.026400 0.004800 0.001600 0.009600 0.000000 0.000000 0.005200 0.092800 0.000000 0.000000 0.212800 0.012000 0.015200
0.054800 0.115200 0.088000 0.226400 0.001200 0.014800 0.005600 0.052000 0.008000 0.000400 0.000000 0.032000 0.000800 0.064000 0.000000 0.000000 0.000000 0.309600 0.025600 0.001600
0.025600 0.050800 0.222800 0.067200 0.000800 0.182400 0.108400 0.013200 0.000800 0.000800 0.002800 0.001200 0.000000 0.006000 0.068800 0.000000 0.000000 0.211600 0.016400 0.020400
0.111200 0.215600 0.073600 0.038800 0.002000 0.152400 0.078400 0.010800 0.001600 0.000800 0.000000 0.000800 0.000000 0.019200 0.048800 0.000000 0.000000 0.127600 0.088000 0.030400
0.005600 0.019200 0.007600 0.013200 0.434000 0.070000 0.003200 0.025200 0.204400 0.000400 0.054800 0.001200 0.002000 0.152000 0.005600 0.000000 0.000000 0.000000 0.000400 0.001200
0.020800 0.269200 0.322000 0.010000 0.000800 0.172800 0.007600 0.054800 0.051200 0.000000 0.000000 0.009600 0.000000 0.004000 0.055200 0.000000 0.000000 0.022000 0.000000 0.000000
0.018000 0.157200 0.363600 0.021600 0.045600 0.110800 0.012000 0.117600 0.037600 0.000000 0.000000 0.021200 0.000000 0.002400 0.052000 0.000000 0.000000 0.040000 0.000400 0.000000
