0.054400 0.310400 0.001200 0.003200 0.013200 0.012400 0.002800 0.021200 0.116400 0.022800 0.051200 0.066400 0.048000 0.023600 0.025600 0.078400 0.108800 0.008800 0.009600 0.021600
0.228800 0.044800 0.075600 0.025200 0.058000 0.017600 0.018400 0.055600 0.004000 0.011200 0.038800 0.009600 0.020400 0.053200 0.064400 0.179200 0.064800 0.008000 0.012000 0.010400
0.000400 0.044000 0.013200 0.033600 0.338800 0.020000 0.015200 0.346800 0.001600 0.004400 0.029600 0.000400 0.002800 0.043200 0.012000 0.000400 0.011600 0.056000 0.003200 0.022800
0.008000 0.020000 0.019600 0.047600 0.158400 0.414800 0.078400 0.016000 0.010800 0.005600 0.011600 0.002800 0.002000 0.083200 0.024400 0.004400 0.006400 0.000000 0.011200 0.074800
0.007600 0.028000 0.374000 0.246000 0.022000 0.072000 0.014400 0.029200 0.006400 0.002400 0.008400 0.006400 0.006800 0.103600 0.025600 0.029200 0.006400 0.001200 0.001200 0.009200
0.019600 0.014400 0.018400 0.337200 0.080400 0.032000 0.190400 0.021600 0.001200 0.041600 0.019200 0.012400 0.029600 0.019600 0.062000 0.024000 0.006000 0.009600 0.031600 0.029200
0.003600 0.031600 0.033200 0.173600 0.027600 0.223600 0.017600 0.105600 0.002000 0.075600 0.009200 0.036800 0.001200 0.027600 0.085600 0.010400 0.018000 0.005600 0.044000 0.067600
0.008000 0.030400 0.193200 0.029600 0.050400 0.014400 0.063600 0.042800 0.021200 0.006800 0.008400 0.008800 0.020800 0.294800 0.007600 0.126400 0.033600 0.004800 0.013600 0.020800
0.078000 0.004800 0.016000 0.018400 0.027200 0.004400 0.014000 0.086800 0.048000 0.000400 0.060800 0.199200 0.284800 0.024000 0.030000 0.042800 0.036400 0.008400 0.006400 0.009200
0.022400 0.010800 0.008400 0.007200 0.017200 0.080800 0.043600 0.019200 0.006400 0.025200 0.282400 0.076000 0.019600 0.002400 0.000800 0.006400 0.002800 0.034000 0.092400 0.242000
0.072800 0.097600 0.060800 0.012400 0.014000 0.082000 0.018800 0.004800 0.024800 0.233200 0.025200 0.024800 0.002400 0.013600 0.001200 0.019200 0.007200 0.206000 0.012000 0.067200
0.070000 0.006400 0.011200 0.007600 0.025200 0.007200 0.012400 0.016800 0.323200 0.031200 0.043200 0.048800 0.095600 0.020400 0.090800 0.082400 0.053600 0.007600 0.029200 0.017200
0.068800 0.031600 0.018800 0.005200 0.043600 0.037200 0.000800 0.050800 0.228000 0.009600 0.008800 0.088400 0.055600 0.028000 0.016000 0.068400 0.197200 0.020000 0.010000 0.013200
0.030000 0.031200 0.048800 0.043600 0.098400 0.016000 0.022000 0.249600 0.012800 0.001200 0.024000 0.015600 0.011200 0.064800 0.016000 0.202000 0.044000 0.026000 0.025600 0.017200
0.031600 0.217600 0.040000 0.040800 0.083200 0.142000 0.018800 0.030400 0.032400 0.001200 0.003600 0.125200 0.034400 0.048800 0.021200 0.003600 0.063600 0.015200 0.027600 0.018800
0.112400 0.106400 0.011600 0.004800 0.020400 0.011200 0.008800 0.104800 0.032400 0.005200 0.018800 0.042000 0.054400 0.292800 0.004400 0.064000 0.033200 0.030800 0.017200 0.024400
0.142400 0.067600 0.028000 0.004800 0.035200 0.012400 0.008000 0.064000 0.050800 0.000000 0.010800 0.064400 0.270800 0.075600 0.046000 0.025600 0.074400 0.007200 0.003600 0.008400
0.003600 0.006000 0.178800 0.000400 0.008800 0.020400 0.003200 0.015200 0.003200 0.092400 0.409600 0.010400 0.009200 0.065200 0.008800 0.095600 0.000800 0.020400 0.020000 0.028000
0.008000 0.014000 0.008800 0.039600 0.006400 0.080800 0.030400 0.029600 0.000800 0.036000 0.022400 0.033600 0.005600 0.070000 0.019200 0.051200 0.000400 0.005200 0.038800 0.499200
0.010000 0.019600 0.019200 0.040000 0.010400 0.074400 0.036000 0.037200 0.014400 0.107200 0.066400 0.038000 0.012400 0.031200 0.005600 0.034000 0.008000 0.032800 0.356400 0.046800
