0.053200 0.295200 0.001600 0.003600 0.015200 0.010000 0.003600 0.019600 0.133200 0.026800 0.052400 0.065200 0.047200 0.026800 0.022400 0.078400 0.104000 0.008800 0.008800 0.024000
0.218800 0.049200 0.079600 0.030800 0.056400 0.015200 0.023600 0.057200 0.003200 0.014800 0.034800 0.011200 0.020400 0.052000 0.063200 0.170000 0.064800 0.007200 0.015600 0.012000
0.000400 0.040400 0.014000 0.026000 0.347600 0.018800 0.014000 0.352800 0.001600 0.004000 0.030400 0.001600 0.002400 0.039200 0.010400 0.001600 0.009600 0.058400 0.005200 0.021600
0.008000 0.026400 0.032000 0.040400 0.161200 0.402000 0.073200 0.016400 0.010800 0.005200 0.016000 0.006000 0.001200 0.078000 0.022800 0.004800 0.006000 0.002000 0.015200 0.072400
0.008000 0.028400 0.359600 0.242800 0.020800 0.076000 0.015600 0.037200 0.005600 0.003200 0.011200 0.006000 0.007600 0.106800 0.024400 0.027200 0.008000 0.003600 0.001200 0.006800
0.024000 0.013200 0.016400 0.334800 0.066400 0.035200 0.197200 0.020000 0.003200 0.044000 0.019200 0.012400 0.026400 0.018000 0.064000 0.019600 0.007600 0.012800 0.034800 0.030800
0.004800 0.032400 0.035200 0.171600 0.027600 0.216400 0.020400 0.106400 0.004000 0.076400 0.010000 0.036800 0.003200 0.026400 0.084000 0.012400 0.016800 0.003600 0.047200 0.064400
0.005200 0.038400 0.184400 0.033600 0.045600 0.017600 0.057200 0.038800 0.024800 0.007600 0.010000 0.010400 0.020800 0.294000 0.009200 0.122400 0.037600 0.006400 0.016800 0.019200
0.082400 0.005200 0.015200 0.018400 0.024000 0.004400 0.012400 0.089600 0.048000 0.002000 0.056400 0.205200 0.276400 0.026800 0.030800 0.041600 0.037600 0.007200 0.006400 0.010000
0.020000 0.012800 0.009200 0.008400 0.013200 0.083200 0.050400 0.017600 0.003600 0.028400 0.281200 0.070800 0.016000 0.001600 0.001600 0.009600 0.002400 0.033600 0.104400 0.232000
0.071200 0.096800 0.056000 0.011200 0.012400 0.073600 0.014800 0.003600 0.020400 0.247200 0.023200 0.027600 0.002800 0.015200 0.000800 0.016800 0.008000 0.214400 0.014000 0.070000
0.067200 0.005200 0.013600 0.006800 0.029600 0.007200 0.009600 0.018800 0.320800 0.030000 0.032800 0.054400 0.085200 0.022800 0.096800 0.084800 0.055200 0.009600 0.031200 0.018400
0.068800 0.026400 0.016800 0.003600 0.038800 0.040800 0.002000 0.053200 0.240800 0.008800 0.010000 0.091600 0.058400 0.034800 0.016400 0.064800 0.188800 0.014400 0.008400 0.012400
0.030400 0.031600 0.045200 0.044800 0.102000 0.018400 0.022000 0.246800 0.011200 0.001200 0.020400 0.014800 0.013200 0.068800 0.017600 0.200000 0.044000 0.022400 0.023200 0.022000
0.031600 0.219600 0.039200 0.037600 0.086400 0.135200 0.019600 0.026000 0.035600 0.002400 0.003600 0.125200 0.032400 0.050400 0.020800 0.004400 0.063200 0.014800 0.028800 0.023200
0.104400 0.104400 0.011600 0.006000 0.024800 0.010800 0.009600 0.099600 0.029200 0.007200 0.022000 0.042000 0.052000 0.300000 0.005200 0.066400 0.034400 0.034000 0.014000 0.022400
0.145600 0.066800 0.025200 0.004000 0.033200 0.012400 0.009600 0.068400 0.056800 0.000400 0.010400 0.063600 0.263600 0.075600 0.046000 0.030000 0.068800 0.005600 0.003200 0.010800
0.004000 0.007200 0.176400 0.000400 0.008400 0.017600 0.002800 0.016800 0.005200 0.090400 0.392000 0.012800 0.009600 0.070000 0.007600 0.099200 0.000800 0.024800 0.023200 0.030800
0.008400 0.012800 0.010800 0.044800 0.006400 0.074800 0.031200 0.034400 0.001600 0.041600 0.022000 0.027600 0.006800 0.067200 0.020400 0.043600 0.001200 0.006000 0.038400 0.500000
0.011600 0.018400 0.020800 0.043200 0.011600 0.065200 0.037200 0.038400 0.011600 0.112400 0.064400 0.032400 0.013200 0.026800 0.008400 0.033600 0.009200 0.030000 0.365200 0.046400
