0.000000 0.003000 0.003000 0.003000 0.003000 0.203359 0.185588 0.191833 0.003000 0.003000 0.003000 0.199390 0.003000 0.003000 0.003000 0.003000 0.177829 0.003000 0.003000 0.003000
0.167120 0.000000 0.003000 0.003000 0.146088 0.003000 0.165117 0.168180 0.135638 0.003000 0.178856 0.003000 0.003000 0.003000 0.003000 0.003000 0.003000 0.003000 0.003000 0.003000
0.003000 0.003000 0.000000 0.168367 0.185177 0.003000 0.003000 0.003000 0.003000 0.003000 0.003000 0.003000 0.003000 0.186498 0.221130 0.003000 0.196828 0.003000 0.003000 0.003000
0.003000 0.003000 0.003000 0.000000 0.003000 0.003000 0.187283 0.003000 0.003000 0.206629 0.203769 0.003000 0.003000 0.172504 0.003000 0.003000 0.003000 0.003000 0.187815 0.003000
0.003000 0.003000 0.003000 0.003000 0.000000 0.173155 0.003000 0.003000 0.159178 0.003000 0.180732 0.003000 0.169344 0.003000 0.003000 0.003000 0.168180 0.110411 0.003000 0.003000
0.003000 0.171098 0.127218 0.003000 0.003000 0.000000 0.003000 0.003000 0.168803 0.145297 0.003000 0.186066 0.003000 0.003000 0.003000 0.003000 0.003000 0.162518 0.003000 0.003000
0.003000 0.185404 0.144778 0.175517 0.003000 0.188628 0.000000 0.003000 0.003000 0.003000 0.003000 0.003000 0.003000 0.146554 0.003000 0.003000 0.120119 0.003000 0.003000 0.003000
0.184345 0.003000 0.157031 0.003000 0.158871 0.003000 0.003000 0.000000 0.003000 0.197579 0.003000 0.003000 0.003000 0.003000 0.003000 0.003000 0.003000 0.171900 0.091275 0.003000
0.003000 0.003000 0.112419 0.183626 0.003000 0.003000 0.003000 0.147782 0.000000 0.207776 0.003000 0.003000 0.102083 0.003000 0.207314 0.003000 0.003000 0.003000 0.003000 0.003000
0.003000 0.003000 0.154779 0.003000 0.124949 0.003000 0.003000 0.003000 0.174699 0.000000 0.003000 0.194459 0.003000 0.003000 0.003000 0.003000 0.165191 0.146923 0.003000 0.003000
0.003000 0.003000 0.003000 0.151050 0.003000 0.003000 0.003000 0.119463 0.137443 0.003000 0.000000 0.003000 0.181938 0.003000 0.003000 0.187723 0.003000 0.003000 0.003000 0.183382
0.003000 0.113210 0.003000 0.003000 0.003000 0.003000 0.159294 0.003000 0.003000 0.003000 0.003000 0.000000 0.139613 0.003000 0.003000 0.191954 0.003000 0.003000 0.159082 0.197847
0.003000 0.003000 0.134543 0.003000 0.003000 0.003000 0.003000 0.003000 0.195912 0.003000 0.003000 0.212628 0.000000 0.003000 0.217027 0.003000 0.003000 0.003000 0.197890 0.003000
0.003000 0.003000 0.003000 0.116577 0.003000 0.003000 0.154726 0.003000 0.003000 0.182659 0.180557 0.141180 0.003000 0.000000 0.003000 0.003000 0.003000 0.003000 0.003000 0.185301
0.003000 0.003000 0.003000 0.188240 0.184318 0.207451 0.003000 0.003000 0.003000 0.003000 0.200454 0.003000 0.003000 0.177536 0.000000 0.003000 0.003000 0.003000 0.003000 0.003000
0.185557 0.003000 0.003000 0.003000 0.003000 0.003000 0.003000 0.003000 0.003000 0.003000 0.003000 0.003000 0.003000 0.145750 0.127541 0.000000 0.149517 0.176235 0.176401 0.003000
0.003000 0.157895 0.003000 0.003000 0.003000 0.003000 0.128670 0.003000 0.003000 0.003000 0.003000 0.003000 0.167531 0.003000 0.166689 0.152098 0.000000 0.003000 0.003000 0.188118
0.157236 0.148751 0.003000 0.003000 0.003000 0.168419 0.003000 0.148031 0.003000 0.003000 0.003000 0.003000 0.003000 0.003000 0.003000 0.003000 0.003000 0.000000 0.156942 0.181622
0.196663 0.187591 0.003000 0.003000 0.003000 0.003000 0.003000 0.179756 0.003000 0.003000 0.003000 0.003000 0.003000 0.003000 0.003000 0.204049 0.003000 0.189942 0.000000 0.003000
0.003000 0.003000 0.171539 0.003000 0.192091 0.003000 0.003000 0.003000 0.003000 0.003000 0.003000 0.003000 0.209253 0.168606 0.003000 0.216510 0.003000 0.003000 0.003000 0.000000
