0.000000 0.049200 0.048800 0.046800 0.043200 0.062400 0.060400 0.063200 0.051200 0.047200 0.054400 0.058800 0.055200 0.051600 0.048400 0.047600 0.056800 0.050000 0.054400 0.050400
0.056400 0.000000 0.052800 0.050800 0.056400 0.052000 0.057200 0.057200 0.054000 0.047600 0.057200 0.046800 0.050400 0.053600 0.052800 0.053200 0.050000 0.049600 0.052800 0.049200
0.051600 0.044400 0.000000 0.053200 0.056800 0.050000 0.052800 0.046400 0.048800 0.054800 0.054000 0.046800 0.052000 0.056800 0.064400 0.054400 0.056800 0.054800 0.050800 0.050400
0.049600 0.046400 0.052400 0.000000 0.046800 0.053200 0.056000 0.052800 0.046400 0.058400 0.057600 0.054400 0.053200 0.055600 0.052800 0.055200 0.050800 0.049600 0.056000 0.052800
0.053600 0.052000 0.048400 0.050400 0.000000 0.056000 0.052400 0.053200 0.055200 0.043200 0.057600 0.054000 0.056000 0.048000 0.054000 0.050000 0.059200 0.055600 0.050800 0.050400
0.047600 0.058000 0.056400 0.050000 0.049600 0.000000 0.049200 0.050800 0.060800 0.055200 0.052800 0.061600 0.046800 0.048000 0.050800 0.053200 0.052000 0.060000 0.048400 0.048800
0.052800 0.062000 0.056400 0.060400 0.049600 0.056400 0.000000 0.050400 0.045600 0.052800 0.049200 0.053200 0.053200 0.054800 0.048000 0.047200 0.053200 0.051600 0.050000 0.053200
0.056400 0.052800 0.057200 0.047200 0.055600 0.055200 0.050000 0.000000 0.049200 0.060800 0.054800 0.049600 0.045600 0.049200 0.053200 0.051200 0.049200 0.057200 0.054400 0.051200
0.052000 0.049200 0.055600 0.056000 0.048000 0.055600 0.054000 0.054800 0.000000 0.064400 0.054800 0.045600 0.055200 0.046000 0.058000 0.056000 0.052400 0.048400 0.049600 0.044400
0.053200 0.048800 0.058400 0.046800 0.054400 0.050800 0.051600 0.048000 0.057200 0.000000 0.051200 0.060800 0.051600 0.046000 0.053600 0.052800 0.054800 0.056000 0.052400 0.051600
0.055200 0.049600 0.051600 0.054400 0.048400 0.050800 0.051200 0.054800 0.054400 0.054400 0.000000 0.053600 0.061200 0.044400 0.046400 0.060800 0.050400 0.049600 0.053600 0.055200
0.057600 0.057200 0.048800 0.048400 0.048800 0.047200 0.057600 0.050400 0.053600 0.044400 0.050800 0.000000 0.057200 0.042400 0.053600 0.062800 0.054800 0.047200 0.058000 0.059200
0.050400 0.054400 0.056000 0.050000 0.044000 0.051600 0.054400 0.043600 0.058000 0.051200 0.047600 0.059200 0.000000 0.048400 0.062000 0.051200 0.050400 0.054000 0.058800 0.054800
0.049600 0.050800 0.051200 0.053200 0.052000 0.054400 0.055600 0.050400 0.052400 0.061200 0.060800 0.054400 0.050000 0.000000 0.051600 0.051200 0.050000 0.048800 0.046000 0.056400
0.049600 0.053600 0.052400 0.059600 0.068000 0.059600 0.050000 0.046000 0.052800 0.054000 0.057200 0.049600 0.051200 0.057600 0.000000 0.051200 0.042400 0.047600 0.046800 0.050800
0.058000 0.045600 0.053600 0.049200 0.050400 0.049200 0.047600 0.053600 0.049600 0.055200 0.050800 0.046800 0.054800 0.055200 0.054400 0.000000 0.054000 0.059600 0.058000 0.054400
0.049600 0.056000 0.049600 0.050800 0.052400 0.045600 0.054800 0.051600 0.052800 0.051200 0.049200 0.052800 0.057200 0.054400 0.054400 0.056000 0.000000 0.049600 0.052800 0.059200
0.056800 0.055600 0.051600 0.050800 0.052000 0.056800 0.050400 0.056000 0.048800 0.052000 0.054800 0.053200 0.047200 0.051200 0.047600 0.054800 0.041600 0.000000 0.059200 0.059600
0.056400 0.055200 0.054000 0.052400 0.053200 0.050800 0.053200 0.054400 0.045200 0.054400 0.055200 0.052400 0.045600 0.045600 0.051600 0.064000 0.047200 0.058400 0.000000 0.050800
0.050800 0.049200 0.055600 0.052400 0.056800 0.055200 0.048400 0.054000 0.049600 0.055200 0.054800 0.052800 0.056400 0.054400 0.048800 0.057600 0.048000 0.049200 0.050800 0.000000
