0.000000 0.567200 0.000000 0.000000 0.010400 0.000000 0.000000 0.000000 0.268000 0.154400 0.000000 0.000000 0.000000 0.000000 0.000000 0.000000 0.000000 0.000000 0.000000 0.000000
0.000000 0.000000 0.000000 0.068800 0.374000 0.108800 0.000000 0.000000 0.448400 0.000000 0.000000 0.000000 0.000000 0.000000 0.000000 0.000000 0.000000 0.000000 0.000000 0.000000
0.140315 0.570966 0.002831 0.000000 0.000000 0.000000 0.000000 0.000000 0.000000 0.000000 0.000000 0.000000 0.000000 0.000000 0.284674 0.000000 0.000000 0.000000 0.000000 0.001213
0.230000 0.000000 0.741600 0.000000 0.000000 0.000000 0.000000 0.026400 0.002000 0.000000 0.000000 0.000000 0.000000 0.000000 0.000000 0.000000 0.000000 0.000000 0.000000 0.000000
0.000000 0.000000 0.000000 0.000000 0.000000 0.000000 0.000000 0.702736 0.008292 0.000000 0.000000 0.000000 0.000000 0.000000 0.286484 0.000000 0.000000 0.000000 0.002488 0.000000
0.021600 0.000000 0.000000 0.000000 0.000000 0.000000 0.782800 0.000000 0.000000 0.194000 0.000000 0.000000 0.000000 0.000000 0.000000 0.001600 0.000000 0.000000 0.000000 0.000000
0.000000 0.000000 0.000000 0.000000 0.169076 0.000000 0.000000 0.000000 0.000000 0.360241 0.000000 0.393976 0.000000 0.000000 0.076707 0.000000 0.000000 0.000000 0.000000 0.000000
0.000000 0.000000 0.622000 0.010400 0.000000 0.000000 0.038000 0.000000 0.000000 0.000000 0.000000 0.329600 0.000000 0.000000 0.000000 0.000000 0.000000 0.000000 0.000000 0.000000
0.000000 0.000000 0.000000 0.011696 0.000000 0.000000 0.000000 0.000000 0.000000 0.000000 0.000000 0.000000 0.000000 0.557018 0.000000 0.000000 0.000000 0.431287 0.000000 0.000000
0.000000 0.655200 0.000000 0.094800 0.000000 0.000000 0.000000 0.000000 0.240000 0.000000 0.000000 0.000000 0.000000 0.000000 0.000000 0.010000 0.000000 0.000000 0.000000 0.000000
0.000000 0.000000 0.315041 0.000000 0.000000 0.000000 0.000000 0.000000 0.000000 0.399593 0.000000 0.000000 0.000000 0.285366 0.000000 0.000000 0.000000 0.000000 0.000000 0.000000
0.000000 0.180879 0.621447 0.000000 0.000000 0.000000 0.183463 0.000000 0.000000 0.000000 0.000000 0.000000 0.000000 0.000000 0.000000 0.000000 0.000000 0.000000 0.000000 0.014212
0.000000 0.000000 0.402830 0.000000 0.000000 0.000000 0.000000 0.271328 0.000000 0.312526 0.000000 0.000000 0.000000 0.000000 0.000000 0.000000 0.000000 0.000000 0.000000 0.013317
0.000000 0.000000 0.000000 0.247312 0.000000 0.000000 0.000000 0.000000 0.298835 0.000000 0.000000 0.000000 0.000000 0.000000 0.000000 0.453853 0.000000 0.000000 0.000000 0.000000
0.000000 0.000000 0.000405 0.000000 0.000000 0.283401 0.000000 0.000000 0.000000 0.000000 0.000000 0.512551 0.000000 0.000000 0.000000 0.000000 0.000000 0.191498 0.000000 0.012146
0.000000 0.000000 0.212800 0.000000 0.000000 0.230800 0.046400 0.000000 0.510000 0.000000 0.000000 0.000000 0.000000 0.000000 0.000000 0.000000 0.000000 0.000000 0.000000 0.000000
0.000000 0.000000 0.000000 0.000000 0.000000 0.175241 0.000000 0.614148 0.000000 0.000000 0.000000 0.000000 0.000000 0.000000 0.208601 0.000000 0.000000 0.000000 0.002010 0.000000
0.000000 0.000000 0.000000 0.000000 0.000000 0.000000 0.000000 0.000802 0.000000 0.000000 0.999198 0.000000 0.000000 0.000000 0.000000 0.000000 0.000000 0.000000 0.000000 0.000000
0.000000 0.000000 0.000000 0.000000 0.000000 0.000000 0.000000 0.002554 0.000000 0.000000 0.575990 0.000000 0.000000 0.000000 0.000000 0.000000 0.000000 0.000000 0.000000 0.421456
0.000000 0.000000 0.246469 0.000000 0.000000 0.000000 0.559453 0.000000 0.194077 0.000000 0.000000 0.000000 0.000000 0.000000 0.000000 0.000000 0.000000 0.000000 0.000000 0.000000
