0.000000 0.000769 0.000769 0.000769 0.080000 0.000769 0.000769 0.000769 0.000769 0.250000 0.250000 0.000769 0.080000 0.000769 0.080000 0.000769 0.000769 0.000769 0.250000 0.000769
0.250000 0.000000 0.000769 0.000769 0.080000 0.000769 0.080000 0.000769 0.250000 0.000769 0.000769 0.000769 0.000769 0.000769 0.000769 0.000769 0.250000 0.000769 0.000769 0.080000
0.250000 0.000769 0.000000 0.080000 0.000769 0.000769 0.250000 0.000769 0.000769 0.000769 0.000769 0.080000 0.000769 0.000769 0.000769 0.080000 0.000769 0.000769 0.000769 0.250000
0.000769 0.000769 0.000769 0.000000 0.080000 0.250000 0.000769 0.000769 0.250000 0.080000 0.000769 0.000769 0.000769 0.000769 0.250000 0.000769 0.000769 0.000769 0.000769 0.080000
0.000769 0.080000 0.000769 0.000769 0.000000 0.000769 0.000769 0.000769 0.250000 0.250000 0.000769 0.000769 0.000769 0.080000 0.250000 0.000769 0.000769 0.000769 0.080000 0.000769
0.000769 0.000769 0.000769 0.080000 0.000769 0.000000 0.250000 0.000769 0.250000 0.000769 0.000769 0.000769 0.080000 0.000769 0.000769 0.000769 0.000769 0.080000 0.000769 0.250000
0.000769 0.000769 0.000769 0.250000 0.080000 0.000769 0.000000 0.000769 0.000769 0.080000 0.000769 0.000769 0.000769 0.000769 0.250000 0.250000 0.080000 0.000769 0.000769 0.000769
0.000769 0.000769 0.250000 0.000769 0.080000 0.080000 0.000769 0.000000 0.000769 0.000769 0.000769 0.250000 0.000769 0.250000 0.000769 0.000769 0.000769 0.000769 0.080000 0.000769
0.000769 0.000769 0.000769 0.000769 0.000769 0.080000 0.000769 0.000769 0.000000 0.000769 0.000769 0.250000 0.250000 0.000769 0.000769 0.080000 0.000769 0.000769 0.080000 0.250000
0.250000 0.000769 0.000769 0.000769 0.000769 0.000769 0.000769 0.000769 0.080000 0.000000 0.000769 0.250000 0.000769 0.000769 0.080000 0.000769 0.000769 0.080000 0.250000 0.000769
0.000769 0.000769 0.000769 0.000769 0.080000 0.000769 0.000769 0.080000 0.000769 0.250000 0.000000 0.080000 0.000769 0.000769 0.000769 0.000769 0.250000 0.000769 0.250000 0.000769
0.080000 0.000769 0.250000 0.000769 0.000769 0.000769 0.000769 0.080000 0.000769 0.000769 0.080000 0.000000 0.000769 0.000769 0.250000 0.000769 0.000769 0.000769 0.000769 0.250000
0.000769 0.000769 0.080000 0.250000 0.000769 0.000769 0.000769 0.000769 0.000769 0.000769 0.000769 0.250000 0.000000 0.250000 0.000769 0.080000 0.000769 0.080000 0.000769 0.000769
0.250000 0.080000 0.000769 0.250000 0.000769 0.000769 0.000769 0.250000 0.000769 0.000769 0.000769 0.000769 0.000769 0.000000 0.000769 0.080000 0.000769 0.000769 0.000769 0.080000
0.000769 0.080000 0.000769 0.080000 0.000769 0.250000 0.250000 0.000769 0.000769 0.000769 0.000769 0.250000 0.000769 0.000769 0.000000 0.000769 0.000769 0.000769 0.080000 0.000769
0.250000 0.000769 0.000769 0.000769 0.000769 0.250000 0.080000 0.000769 0.080000 0.000769 0.000769 0.080000 0.000769 0.000769 0.000769 0.000000 0.000769 0.000769 0.250000 0.000769
0.000769 0.080000 0.000769 0.250000 0.000769 0.000769 0.000769 0.250000 0.000769 0.000769 0.000769 0.080000 0.000769 0.000769 0.000769 0.000769 0.000000 0.080000 0.250000 0.000769
0.000769 0.000769 0.000769 0.080000 0.250000 0.000769 0.250000 0.000769 0.000769 0.080000 0.000769 0.000769 0.000769 0.250000 0.000769 0.000769 0.080000 0.000000 0.000769 0.000769
0.000769 0.250000 0.080000 0.000769 0.000769 0.080000 0.250000 0.000769 0.080000 0.000769 0.250000 0.000769 0.000769 0.000769 0.000769 0.000769 0.000769 0.000769 0.000000 0.000769
0.080000 0.000769 0.080000 0.250000 0.000769 0.000769 0.080000 0.000769 0.000769 0.000769 0.000769 0.000769 0.000769 0.000769 0.250000 0.250000 0.000769 0.000769 0.000769 0.000000
