0.000000 0.019231 0.019231 0.019231 0.100000 0.019231 0.019231 0.019231 0.019231 0.150000 0.150000 0.019231 0.100000 0.019231 0.100000 0.019231 0.019231 0.019231 0.150000 0.019231
0.150000 0.000000 0.019231 0.019231 0.100000 0.019231 0.100000 0.019231 0.150000 0.019231 0.019231 0.019231 0.019231 0.019231 0.019231 0.019231 0.150000 0.019231 0.019231 0.100000
0.150000 0.019231 0.000000 0.100000 0.019231 0.019231 0.150000 0.019231 0.019231 0.019231 0.019231 0.100000 0.019231 0.019231 0.019231 0.100000 0.019231 0.019231 0.019231 0.150000
0.019231 0.019231 0.019231 0.000000 0.100000 0.150000 0.019231 0.019231 0.150000 0.100000 0.019231 0.019231 0.019231 0.019231 0.150000 0.019231 0.019231 0.019231 0.019231 0.100000
0.019231 0.100000 0.019231 0.019231 0.000000 0.019231 0.019231 0.019231 0.150000 0.150000 0.019231 0.019231 0.019231 0.100000 0.150000 0.019231 0.019231 0.019231 0.100000 0.019231
0.019231 0.019231 0.019231 0.100000 0.019231 0.000000 0.150000 0.019231 0.150000 0.019231 0.019231 0.019231 0.100000 0.019231 0.019231 0.019231 0.019231 0.100000 0.019231 0.150000
0.019231 0.019231 0.019231 0.150000 0.100000 0.019231 0.000000 0.019231 0.019231 0.100000 0.019231 0.019231 0.019231 0.019231 0.150000 0.150000 0.100000 0.019231 0.019231 0.019231
0.019231 0.019231 0.150000 0.019231 0.100000 0.100000 0.019231 0.000000 0.019231 0.019231 0.019231 0.150000 0.019231 0.150000 0.019231 0.019231 0.019231 0.019231 0.100000 0.019231
0.019231 0.019231 0.019231 0.019231 0.019231 0.100000 0.019231 0.019231 0.000000 0.019231 0.019231 0.150000 0.150000 0.019231 0.019231 0.100000 0.019231 0.019231 0.100000 0.150000
0.150000 0.019231 0.019231 0.019231 0.019231 0.019231 0.019231 0.019231 0.100000 0.000000 0.019231 0.150000 0.019231 0.019231 0.100000 0.019231 0.019231 0.100000 0.150000 0.019231
0.019231 0.019231 0.019231 0.019231 0.100000 0.019231 0.019231 0.100000 0.019231 0.150000 0.000000 0.100000 0.019231 0.019231 0.019231 0.019231 0.150000 0.019231 0.150000 0.019231
0.100000 0.019231 0.150000 0.019231 0.019231 0.019231 0.019231 0.100000 0.019231 0.019231 0.100000 0.000000 0.019231 0.019231 0.150000 0.019231 0.019231 0.019231 0.019231 0.150000
0.019231 0.019231 0.100000 0.150000 0.019231 0.019231 0.019231 0.019231 0.019231 0.019231 0.019231 0.150000 0.000000 0.150000 0.019231 0.100000 0.019231 0.100000 0.019231 0.019231
0.150000 0.100000 0.019231 0.150000 0.019231 0.019231 0.019231 0.150000 0.019231 0.019231 0.019231 0.019231 0.019231 0.000000 0.019231 0.100000 0.019231 0.019231 0.019231 0.100000
0.019231 0.100000 0.019231 0.100000 0.019231 0.150000 0.150000 0.019231 0.019231 0.019231 0.019231 0.150000 0.019231 0.019231 0.000000 0.019231 0.019231 0.019231 0.100000 0.019231
0.150000 0.019231 0.019231 0.019231 0.019231 0.150000 0.100000 0.019231 0.100000 0.019231 0.019231 0.100000 0.019231 0.019231 0.019231 0.000000 0.019231 0.019231 0.150000 0.019231
0.019231 0.100000 0.019231 0.150000 0.019231 0.019231 0.019231 0.150000 0.019231 0.019231 0.019231 0.100000 0.019231 0.019231 0.019231 0.019231 0.000000 0.100000 0.150000 0.019231
0.019231 0.019231 0.019231 0.100000 0.150000 0.019231 0.150000 0.019231 0.019231 0.100000 0.019231 0.019231 0.019231 0.150000 0.019231 0.019231 0.100000 0.000000 0.019231 0.019231
0.019231 0.150000 0.100000 0.019231 0.019231 0.100000 0.150000 0.019231 0.100000 0.019231 0.150000 0.019231 0.019231 0.019231 0.019231 0.019231 0.019231 0.019231 0.000000 0.019231
0.100000 0.019231 0.100000 0.150000 0.019231 0.019231 0.100000 0.019231 0.019231 0.019231 0.019231 0.019231 0.019231 0.019231 0.150000 0.150000 0.019231 0.019231 0.019231 0.000000
